1 1.002
1 1.002
1 1.002
1 1.002
1 1.002
1 1.002
1 1.002
1 1.002
1 1.002
1 1.002
1 1.002
1 1.001
1 1.001
1 1.001
1 1.001
1 1.001
1 1.001
1 1.001
1 1.001
1 1.001
2 0.6673333333333332
2 0.6673333333333332
2 0.6673333333333332
2 0.6673333333333332
2 0.6673333333333332
2 0.6673333333333332
2 0.6673333333333332
2 0.6673333333333332
2 0.6673333333333332
2 0.6673333333333332
2 0.6673333333333332
2 0.6673333333333332
2 0.6673333333333332
2 0.6673333333333332
2 0.6673333333333332
2 0.6673333333333332
2 0.6673333333333332
2 0.6673333333333332
2 0.6673333333333332
2 0.6673333333333332
2 0.6673333333333332
2 0.6673333333333332
2 0.6673333333333332
2 0.6673333333333332
2 0.6673333333333332
2 0.6673333333333332
2 0.6673333333333332
2 0.6673333333333332
2 0.6673333333333332
2 0.6673333333333332
2 0.6673333333333332
2 0.6673333333333332
2 0.6673333333333332
2 0.6673333333333332
2 0.6673333333333332
2 0.6673333333333332
2 0.6673333333333332
2 0.6673333333333332
2 0.6673333333333332
2 0.6673333333333332
2 0.6673333333333332
2 0.6673333333333332
2 0.6673333333333332
2 0.6673333333333332
2 0.6673333333333332
2 0.6673333333333332
2 0.6673333333333332
2 0.6673333333333332
2 0.6673333333333332
2 0.6673333333333332
2 0.6673333333333332
2 0.6673333333333332
2 0.6673333333333332
2 0.6673333333333332
2 0.6673333333333332
2 0.6673333333333332
2 0.6673333333333332
2 0.6673333333333332
2 0.6673333333333332
2 0.6673333333333332
7 0.6003999999999999
7 0.6003999999999999
7 0.6003999999999999
2 0.501
1 0.501
2 0.501
1 0.501
2 0.501
1 0.501
2 0.501
1 0.501
2 0.501
2 0.501
3 0.501
2 0.501
1 0.501
1 0.501
2 0.501
1 0.501
1 0.501
1 0.501
2 0.501
1 0.501
2 0.501
2 0.501
3 0.501
2 0.501
1 0.501
1 0.501
1 0.501
1 0.501
1 0.501
1 0.501
1 0.501
1 0.501
1 0.501
1 0.501
1 0.501
1 0.501
1 0.501
1 0.501
2 0.501
2 0.501
2 0.501
2 0.501
2 0.501
2 0.501
2 0.501
2 0.501
2 0.501
2 0.501
2 0.501
2 0.501
1 0.501
1 0.501
1 0.501
1 0.501
1 0.501
1 0.501
1 0.501
1 0.501
1 0.501
1 0.501
1 0.501
1 0.501
1 0.501
1 0.501
1 0.501
2 0.501
2 0.501
3 0.501
2 0.501
1 0.501
1 0.501
2 0.501
1 0.501
5 0.5005
5 0.5005
5 0.5005
5 0.5005
5 0.5005
5 0.5005
9 0.5005
7 0.5005
4 0.5005
4 0.5005
4 0.5005
8 0.5005
6 0.5005
3 0.5005
3 0.5005
3 0.5005
8 0.5005
6 0.5005
3 0.5005
3 0.5005
3 0.5005
9 0.5005
7 0.5005
4 0.5005
4 0.5005
4 0.5005
4 0.5005
4 0.5005
3 0.5005
4 0.5005
4 0.5005
4 0.5005
4 0.5005
4 0.5005
4 0.5005
4 0.5005
6 0.5005
6 0.5005
6 0.5005
6 0.5005
6 0.5005
4 0.5005
4 0.5005
3 0.5005
4 0.5005
4 0.5005
4 0.5005
4 0.5005
4 0.5005
4 0.5005
4 0.5005
8 0.5005
8 0.5005
8 0.5005
8 0.5005
8 0.5005
4 0.5005
4 0.5005
3 0.5005
4 0.5005
4 0.5005
4 0.5005
4 0.5005
4 0.5005
4 0.5005
4 0.5005
8 0.5005
8 0.5005
8 0.5005
8 0.5005
8 0.5005
3 0.5005
3 0.5005
3 0.5005
9 0.5005
7 0.5005
4 0.5005
4 0.5005
4 0.5005
8 0.5005
6 0.5005
13 0.4288571428571428
13 0.4288571428571428
13 0.4288571428571428
13 0.4288571428571428
13 0.4288571428571428
12 0.4288571428571428
12 0.4288571428571428
12 0.4288571428571428
12 0.4288571428571428
12 0.4288571428571428
12 0.4288571428571428
12 0.4288571428571428
12 0.4288571428571428
12 0.4288571428571428
12 0.4288571428571428
13 0.4288571428571428
13 0.4288571428571428
13 0.4288571428571428
13 0.4288571428571428
13 0.4288571428571428
13 0.4288571428571428
13 0.4288571428571428
13 0.4288571428571428
13 0.4288571428571428
13 0.4288571428571428
10 0.4288571428571428
10 0.4288571428571428
9 0.4288571428571428
10 0.4288571428571428
10 0.4288571428571428
10 0.4288571428571428
10 0.4288571428571428
10 0.4288571428571428
10 0.4288571428571428
10 0.4288571428571428
12 0.4288571428571428
12 0.4288571428571428
12 0.4288571428571428
12 0.4288571428571428
12 0.4288571428571428
5 0.4004
5 0.4004
4 0.4004
4 0.4004
5 0.4004
5 0.4004
5 0.4004
5 0.4004
5 0.4004
5 0.4004
5 0.4004
5 0.4004
5 0.4004
4 0.4004
4 0.4004
5 0.4004
5 0.4004
5 0.4004
5 0.4004
5 0.4004
5 0.4004
5 0.4004
5 0.4004
5 0.4004
4 0.4004
4 0.4004
5 0.4004
5 0.4004
5 0.4004
5 0.4004
5 0.4004
5 0.4004
5 0.4004
5 0.4004
5 0.4004
4 0.4004
4 0.4004
5 0.4004
5 0.4004
5 0.4004
5 0.4004
5 0.4004
5 0.4004
5 0.4004
5 0.4004
5 0.4004
4 0.4004
4 0.4004
5 0.4004
5 0.4004
5 0.4004
5 0.4004
5 0.4004
5 0.4004
5 0.4004
5 0.4004
5 0.4004
4 0.4004
4 0.4004
5 0.4004
5 0.4004
5 0.4004
5 0.4004
5 0.4004
5 0.4004
5 0.4004
7 0.4004
7 0.4004
7 0.4004
4 0.4004
4 0.4004
4 0.4004
5 0.4004
5 0.4004
4 0.4004
5 0.4004
5 0.4004
5 0.4004
5 0.4004
5 0.4004
5 0.4004
5 0.4004
7 0.4004
7 0.4004
7 0.4004
7 0.4004
7 0.4004
5 0.4004
5 0.4004
4 0.4004
5 0.4004
5 0.4004
5 0.4004
5 0.4004
5 0.4004
5 0.4004
5 0.4004
7 0.4004
7 0.4004
7 0.4004
7 0.4004
7 0.4004
5 0.4004
5 0.4004
4 0.4004
5 0.4004
5 0.4004
5 0.4004
5 0.4004
5 0.4004
5 0.4004
5 0.4004
7 0.4004
7 0.4004
7 0.4004
7 0.4004
7 0.4004
5 0.4004
5 0.4004
4 0.4004
5 0.4004
5 0.4004
5 0.4004
5 0.4004
5 0.4004
5 0.4004
5 0.4004
7 0.4004
7 0.4004
7 0.4004
7 0.4004
7 0.4004
6 0.4004
6 0.4004
6 0.4004
6 0.4004
6 0.4004
6 0.4004
7 0.4004
7 0.4004
7 0.4004
5 0.4004
5 0.4004
5 0.4004
4 0.4004
4 0.4004
4 0.4004
14 0.4004
14 0.4004
14 0.4004
7 0.4004
7 0.4004
7 0.4004
62 0.4004
62 0.4004
62 0.4004
4 0.4004
4 0.4004
4 0.4004
4 0.4004
4 0.4004
4 0.4004
6 0.4004
6 0.4004
6 0.4004
7 0.4004
7 0.4004
7 0.4004
7 0.4004
7 0.4004
7 0.4004
7 0.4004
7 0.4004
7 0.4004
7 0.4004
2 0.334
2 0.334
2 0.334
2 0.334
2 0.334
2 0.334
2 0.334
2 0.334
2 0.334
2 0.334
2 0.334
2 0.334
2 0.334
2 0.334
2 0.334
2 0.334
2 0.334
2 0.334
2 0.334
2 0.334
2 0.334
2 0.334
2 0.334
2 0.334
2 0.334
2 0.334
2 0.334
2 0.334
2 0.334
2 0.334
2 0.334
2 0.334
2 0.334
2 0.334
2 0.334
2 0.334
2 0.334
2 0.334
2 0.334
2 0.334
2 0.334
2 0.334
2 0.334
6 0.334
4 0.334
6 0.334
4 0.334
4 0.334
4 0.334
4 0.334
4 0.334
3 0.334
3 0.334
3 0.334
3 0.334
3 0.334
3 0.334
3 0.334
4 0.334
4 0.334
3 0.334
3 0.334
3 0.334
3 0.334
3 0.334
3 0.334
3 0.334
3 0.334
3 0.334
3 0.334
3 0.334
3 0.334
3 0.334
3 0.334
2 0.334
2 0.334
2 0.334
2 0.334
2 0.334
2 0.334
2 0.334
3 0.334
3 0.334
2 0.334
2 0.334
2 0.334
2 0.334
2 0.334
2 0.334
2 0.334
2 0.334
2 0.334
2 0.334
3 0.334
3 0.334
3 0.334
3 0.334
2 0.334
2 0.334
2 0.334
2 0.334
2 0.334
2 0.334
2 0.334
3 0.334
3 0.334
2 0.334
2 0.334
2 0.334
2 0.334
2 0.334
2 0.334
2 0.334
2 0.334
2 0.334
2 0.334
4 0.334
4 0.334
4 0.334
4 0.334
3 0.334
3 0.334
3 0.334
3 0.334
3 0.334
3 0.334
3 0.334
4 0.334
4 0.334
3 0.334
3 0.334
3 0.334
3 0.334
3 0.334
3 0.334
3 0.334
3 0.334
3 0.334
3 0.334
8 0.334
3 0.334
2 0.334
2 0.334
5 0.334
5 0.334
5 0.334
5 0.334
5 0.334
8 0.334
3 0.334
3 0.334
3 0.334
7 0.334
7 0.334
7 0.334
7 0.334
7 0.334
12 0.334
4 0.334
3 0.334
3 0.334
7 0.334
7 0.334
7 0.334
7 0.334
7 0.334
2 0.334
4 0.334
4 0.334
4 0.334
4 0.334
3 0.334
3 0.334
3 0.334
3 0.334
3 0.334
3 0.334
3 0.334
4 0.334
4 0.334
3 0.334
3 0.334
3 0.334
3 0.334
3 0.334
3 0.334
3 0.334
3 0.334
3 0.334
3 0.334
3 0.334
3 0.334
3 0.334
3 0.334
3 0.334
3 0.334
5 0.3336666666666666
5 0.3336666666666666
5 0.3336666666666666
5 0.3336666666666666
5 0.3336666666666666
5 0.3336666666666666
5 0.3336666666666666
5 0.3336666666666666
5 0.3336666666666666
5 0.3336666666666666
5 0.3336666666666666
5 0.3336666666666666
5 0.3336666666666666
5 0.3336666666666666
5 0.3336666666666666
5 0.3336666666666666
5 0.3336666666666666
5 0.3336666666666666
5 0.3336666666666666
5 0.3336666666666666
5 0.3336666666666666
5 0.3336666666666666
5 0.3336666666666666
5 0.3336666666666666
8 0.3336666666666666
8 0.3336666666666666
7 0.3336666666666666
8 0.3336666666666666
8 0.3336666666666666
8 0.3336666666666666
8 0.3336666666666666
8 0.3336666666666666
8 0.3336666666666666
8 0.3336666666666666
10 0.3336666666666666
10 0.3336666666666666
10 0.3336666666666666
10 0.3336666666666666
10 0.3336666666666666
8 0.3336666666666666
8 0.3336666666666666
7 0.3336666666666666
8 0.3336666666666666
8 0.3336666666666666
8 0.3336666666666666
8 0.3336666666666666
8 0.3336666666666666
8 0.3336666666666666
8 0.3336666666666666
10 0.3336666666666666
10 0.3336666666666666
10 0.3336666666666666
10 0.3336666666666666
10 0.3336666666666666
12 0.3336666666666666
12 0.3336666666666666
12 0.3336666666666666
12 0.3336666666666666
12 0.3336666666666666
11 0.3336666666666666
11 0.3336666666666666
11 0.3336666666666666
11 0.3336666666666666
11 0.3336666666666666
11 0.3336666666666666
11 0.3336666666666666
11 0.3336666666666666
11 0.3336666666666666
11 0.3336666666666666
12 0.3336666666666666
12 0.3336666666666666
12 0.3336666666666666
12 0.3336666666666666
12 0.3336666666666666
8 0.3336666666666666
10 0.3336666666666666
10 0.3336666666666666
8 0.3336666666666666
8 0.3336666666666666
8 0.3336666666666666
9 0.3336666666666666
9 0.3336666666666666
9 0.3336666666666666
8 0.3336666666666666
8 0.3336666666666666
8 0.3336666666666666
6 0.3336666666666666
6 0.3336666666666666
5 0.3336666666666666
6 0.3336666666666666
6 0.3336666666666666
6 0.3336666666666666
6 0.3336666666666666
6 0.3336666666666666
6 0.3336666666666666
6 0.3336666666666666
5 0.3336666666666666
5 0.3336666666666666
5 0.3336666666666666
12 0.3336666666666666
12 0.3336666666666666
12 0.3336666666666666
12 0.3336666666666666
12 0.3336666666666666
9 0.3336666666666666
11 0.3336666666666666
11 0.3336666666666666
11 0.3336666666666666
11 0.3336666666666666
11 0.3336666666666666
15 0.33355555555555555
14 0.33355555555555555
14 0.33355555555555555
15 0.33355555555555555
15 0.33355555555555555
14 0.33355555555555555
16 0.30019999999999997
16 0.30019999999999997
16 0.30019999999999997
16 0.30019999999999997
16 0.30019999999999997
16 0.30019999999999997
15 0.30019999999999997
15 0.30019999999999997
15 0.30019999999999997
15 0.30019999999999997
15 0.30019999999999997
15 0.30019999999999997
15 0.30019999999999997
15 0.30019999999999997
15 0.30019999999999997
15 0.30019999999999997
15 0.30019999999999997
15 0.30019999999999997
16 0.30019999999999997
16 0.30019999999999997
16 0.30019999999999997
16 0.30019999999999997
16 0.30019999999999997
16 0.30019999999999997
16 0.30019999999999997
16 0.30019999999999997
16 0.30019999999999997
16 0.30019999999999997
16 0.30019999999999997
16 0.30019999999999997
15 0.30019999999999997
15 0.30019999999999997
15 0.30019999999999997
15 0.30019999999999997
15 0.30019999999999997
15 0.30019999999999997
10 0.286
10 0.286
9 0.286
10 0.286
10 0.286
10 0.286
10 0.286
10 0.286
10 0.286
10 0.286
12 0.286
12 0.286
12 0.286
12 0.286
12 0.286
9 0.286
9 0.286
9 0.286
9 0.286
9 0.286
9 0.286
9 0.286
9 0.286
9 0.286
9 0.286
9 0.286
8 0.286
9 0.286
9 0.286
9 0.286
9 0.286
9 0.286
9 0.286
9 0.286
11 0.286
11 0.286
11 0.286
11 0.286
11 0.286
9 0.286
9 0.286
8 0.286
9 0.286
9 0.286
9 0.286
9 0.286
9 0.286
9 0.286
9 0.286
11 0.286
11 0.286
11 0.286
11 0.286
11 0.286
15 0.286
14 0.286
14 0.286
15 0.286
10 0.286
10 0.286
9 0.286
10 0.286
10 0.286
10 0.286
10 0.286
10 0.286
10 0.286
10 0.286
12 0.286
12 0.286
12 0.286
12 0.286
12 0.286
9 0.286
9 0.286
9 0.286
9 0.286
9 0.286
9 0.286
11 0.286
11 0.286
11 0.286
11 0.286
11 0.286
11 0.286
11 0.286
11 0.286
11 0.286
11 0.286
11 0.286
11 0.286
6 0.286
6 0.286
6 0.286
6 0.286
6 0.286
6 0.286
8 0.286
8 0.286
7 0.286
8 0.286
8 0.286
8 0.286
8 0.286
8 0.286
8 0.286
8 0.286
7 0.286
7 0.286
6 0.286
7 0.286
7 0.286
7 0.286
7 0.286
7 0.286
7 0.286
7 0.286
17 0.286
17 0.286
16 0.286
17 0.286
17 0.286
17 0.286
17 0.286
17 0.286
17 0.286
17 0.286
19 0.286
19 0.286
19 0.286
19 0.286
19 0.286
6 0.286
6 0.286
6 0.286
10 0.286
10 0.286
9 0.286
10 0.286
10 0.286
10 0.286
10 0.286
10 0.286
10 0.286
10 0.286
12 0.286
12 0.286
12 0.286
12 0.286
12 0.286
65 0.286
65 0.286
64 0.286
65 0.286
65 0.286
65 0.286
65 0.286
65 0.286
65 0.286
65 0.286
67 0.286
67 0.286
67 0.286
67 0.286
67 0.286
9 0.286
9 0.286
9 0.286
7 0.286
7 0.286
6 0.286
7 0.286
7 0.286
7 0.286
7 0.286
7 0.286
7 0.286
7 0.286
7 0.286
7 0.286
6 0.286
7 0.286
