1 1.002
1 1.002
1 1.002
1 1.002
1 1.002
1 1.002
1 1.002
1 1.002
1 1.002
1 1.002
1 1.002
1 1.001
1 1.001
1 1.001
1 1.001
1 1.001
1 1.001
1 1.001
1 1.001
1 1.001
2 0.6673333333333332
2 0.6673333333333332
2 0.6673333333333332
2 0.6673333333333332
2 0.6673333333333332
2 0.6673333333333332
2 0.6673333333333332
2 0.6673333333333332
2 0.6673333333333332
2 0.6673333333333332
2 0.6673333333333332
2 0.6673333333333332
2 0.6673333333333332
2 0.6673333333333332
2 0.6673333333333332
2 0.6673333333333332
2 0.6673333333333332
2 0.6673333333333332
2 0.6673333333333332
2 0.6673333333333332
2 0.6673333333333332
2 0.6673333333333332
2 0.6673333333333332
2 0.6673333333333332
2 0.6673333333333332
2 0.6673333333333332
2 0.6673333333333332
2 0.6673333333333332
2 0.6673333333333332
2 0.6673333333333332
2 0.6673333333333332
2 0.6673333333333332
2 0.6673333333333332
2 0.6673333333333332
2 0.6673333333333332
2 0.6673333333333332
2 0.6673333333333332
2 0.6673333333333332
2 0.6673333333333332
2 0.6673333333333332
2 0.6673333333333332
2 0.6673333333333332
2 0.6673333333333332
2 0.6673333333333332
2 0.6673333333333332
2 0.6673333333333332
2 0.6673333333333332
2 0.6673333333333332
2 0.6673333333333332
2 0.6673333333333332
2 0.6673333333333332
2 0.6673333333333332
2 0.6673333333333332
2 0.6673333333333332
2 0.6673333333333332
2 0.6673333333333332
2 0.6673333333333332
2 0.6673333333333332
2 0.6673333333333332
2 0.6673333333333332
7 0.6003999999999999
7 0.6003999999999999
7 0.6003999999999999
2 0.501
1 0.501
2 0.501
1 0.501
2 0.501
1 0.501
2 0.501
1 0.501
2 0.501
2 0.501
3 0.501
2 0.501
1 0.501
1 0.501
2 0.501
1 0.501
1 0.501
1 0.501
2 0.501
1 0.501
2 0.501
2 0.501
3 0.501
2 0.501
1 0.501
1 0.501
1 0.501
1 0.501
1 0.501
1 0.501
1 0.501
1 0.501
1 0.501
1 0.501
1 0.501
1 0.501
1 0.501
1 0.501
2 0.501
2 0.501
2 0.501
2 0.501
2 0.501
2 0.501
2 0.501
2 0.501
2 0.501
2 0.501
2 0.501
2 0.501
1 0.501
1 0.501
1 0.501
1 0.501
1 0.501
1 0.501
1 0.501
1 0.501
1 0.501
1 0.501
1 0.501
1 0.501
1 0.501
1 0.501
1 0.501
2 0.501
2 0.501
3 0.501
2 0.501
1 0.501
1 0.501
2 0.501
1 0.501
5 0.5005
5 0.5005
5 0.5005
5 0.5005
5 0.5005
5 0.5005
9 0.5005
7 0.5005
4 0.5005
4 0.5005
4 0.5005
8 0.5005
6 0.5005
3 0.5005
3 0.5005
3 0.5005
8 0.5005
6 0.5005
3 0.5005
3 0.5005
3 0.5005
9 0.5005
7 0.5005
4 0.5005
4 0.5005
4 0.5005
4 0.5005
4 0.5005
3 0.5005
4 0.5005
4 0.5005
4 0.5005
4 0.5005
4 0.5005
4 0.5005
4 0.5005
6 0.5005
6 0.5005
6 0.5005
6 0.5005
6 0.5005
4 0.5005
4 0.5005
3 0.5005
4 0.5005
4 0.5005
4 0.5005
4 0.5005
4 0.5005
4 0.5005
4 0.5005
8 0.5005
8 0.5005
8 0.5005
8 0.5005
8 0.5005
4 0.5005
4 0.5005
3 0.5005
4 0.5005
4 0.5005
4 0.5005
4 0.5005
4 0.5005
4 0.5005
4 0.5005
8 0.5005
8 0.5005
8 0.5005
8 0.5005
8 0.5005
3 0.5005
3 0.5005
3 0.5005
9 0.5005
7 0.5005
4 0.5005
4 0.5005
4 0.5005
8 0.5005
6 0.5005
13 0.4288571428571428
13 0.4288571428571428
13 0.4288571428571428
13 0.4288571428571428
13 0.4288571428571428
12 0.4288571428571428
12 0.4288571428571428
12 0.4288571428571428
12 0.4288571428571428
12 0.4288571428571428
12 0.4288571428571428
12 0.4288571428571428
12 0.4288571428571428
12 0.4288571428571428
12 0.4288571428571428
13 0.4288571428571428
13 0.4288571428571428
13 0.4288571428571428
13 0.4288571428571428
13 0.4288571428571428
13 0.4288571428571428
13 0.4288571428571428
13 0.4288571428571428
13 0.4288571428571428
13 0.4288571428571428
10 0.4288571428571428
10 0.4288571428571428
9 0.4288571428571428
10 0.4288571428571428
10 0.4288571428571428
10 0.4288571428571428
10 0.4288571428571428
10 0.4288571428571428
10 0.4288571428571428
10 0.4288571428571428
12 0.4288571428571428
12 0.4288571428571428
12 0.4288571428571428
12 0.4288571428571428
12 0.4288571428571428
5 0.4004
5 0.4004
4 0.4004
4 0.4004
5 0.4004
5 0.4004
5 0.4004
5 0.4004
5 0.4004
5 0.4004
5 0.4004
5 0.4004
5 0.4004
4 0.4004
4 0.4004
5 0.4004
5 0.4004
5 0.4004
5 0.4004
5 0.4004
5 0.4004
5 0.4004
5 0.4004
5 0.4004
4 0.4004
4 0.4004
5 0.4004
5 0.4004
5 0.4004
5 0.4004
5 0.4004
5 0.4004
5 0.4004
5 0.4004
5 0.4004
4 0.4004
4 0.4004
5 0.4004
5 0.4004
5 0.4004
5 0.4004
5 0.4004
5 0.4004
5 0.4004
5 0.4004
5 0.4004
4 0.4004
4 0.4004
5 0.4004
5 0.4004
5 0.4004
5 0.4004
5 0.4004
5 0.4004
5 0.4004
5 0.4004
5 0.4004
4 0.4004
4 0.4004
5 0.4004
5 0.4004
5 0.4004
5 0.4004
5 0.4004
5 0.4004
5 0.4004
7 0.4004
7 0.4004
7 0.4004
4 0.4004
4 0.4004
4 0.4004
5 0.4004
5 0.4004
4 0.4004
5 0.4004
5 0.4004
5 0.4004
5 0.4004
5 0.4004
5 0.4004
5 0.4004
7 0.4004
7 0.4004
7 0.4004
7 0.4004
7 0.4004
5 0.4004
5 0.4004
4 0.4004
5 0.4004
5 0.4004
5 0.4004
5 0.4004
5 0.4004
5 0.4004
5 0.4004
7 0.4004
7 0.4004
7 0.4004
7 0.4004
7 0.4004
5 0.4004
5 0.4004
4 0.4004
5 0.4004
5 0.4004
5 0.4004
5 0.4004
5 0.4004
5 0.4004
5 0.4004
7 0.4004
7 0.4004
7 0.4004
7 0.4004
7 0.4004
5 0.4004
5 0.4004
4 0.4004
5 0.4004
5 0.4004
5 0.4004
5 0.4004
5 0.4004
5 0.4004
5 0.4004
7 0.4004
7 0.4004
7 0.4004
7 0.4004
7 0.4004
6 0.4004
6 0.4004
6 0.4004
6 0.4004
6 0.4004
6 0.4004
7 0.4004
7 0.4004
7 0.4004
5 0.4004
5 0.4004
5 0.4004
4 0.4004
4 0.4004
4 0.4004
14 0.4004
14 0.4004
14 0.4004
7 0.4004
7 0.4004
7 0.4004
62 0.4004
62 0.4004
62 0.4004
4 0.4004
4 0.4004
4 0.4004
4 0.4004
4 0.4004
4 0.4004
6 0.4004
6 0.4004
6 0.4004
7 0.4004
7 0.4004
7 0.4004
7 0.4004
7 0.4004
7 0.4004
7 0.4004
7 0.4004
7 0.4004
7 0.4004
2 0.334
2 0.334
2 0.334
2 0.334
2 0.334
2 0.334
2 0.334
2 0.334
2 0.334
2 0.334
2 0.334
2 0.334
2 0.334
2 0.334
2 0.334
2 0.334
2 0.334
2 0.334
2 0.334
2 0.334
2 0.334
2 0.334
2 0.334
2 0.334
2 0.334
2 0.334
2 0.334
2 0.334
2 0.334
2 0.334
2 0.334
2 0.334
2 0.334
2 0.334
2 0.334
2 0.334
2 0.334
2 0.334
2 0.334
2 0.334
2 0.334
2 0.334
2 0.334
6 0.334
4 0.334
6 0.334
4 0.334
4 0.334
4 0.334
4 0.334
4 0.334
3 0.334
3 0.334
3 0.334
3 0.334
3 0.334
3 0.334
3 0.334
4 0.334
4 0.334
3 0.334
3 0.334
3 0.334
3 0.334
3 0.334
3 0.334
3 0.334
3 0.334
3 0.334
3 0.334
3 0.334
3 0.334
3 0.334
3 0.334
2 0.334
2 0.334
2 0.334
2 0.334
2 0.334
2 0.334
2 0.334
3 0.334
3 0.334
2 0.334
2 0.334
2 0.334
2 0.334
2 0.334
2 0.334
2 0.334
2 0.334
2 0.334
2 0.334
3 0.334
3 0.334
3 0.334
3 0.334
2 0.334
2 0.334
2 0.334
2 0.334
2 0.334
2 0.334
2 0.334
3 0.334
3 0.334
2 0.334
2 0.334
2 0.334
2 0.334
2 0.334
2 0.334
2 0.334
2 0.334
2 0.334
2 0.334
4 0.334
4 0.334
4 0.334
4 0.334
3 0.334
3 0.334
3 0.334
3 0.334
3 0.334
3 0.334
3 0.334
4 0.334
4 0.334
3 0.334
3 0.334
3 0.334
3 0.334
3 0.334
3 0.334
3 0.334
3 0.334
3 0.334
3 0.334
8 0.334
3 0.334
2 0.334
2 0.334
5 0.334
5 0.334
5 0.334
5 0.334
5 0.334
8 0.334
3 0.334
3 0.334
3 0.334
7 0.334
7 0.334
7 0.334
7 0.334
7 0.334
12 0.334
4 0.334
3 0.334
3 0.334
7 0.334
7 0.334
7 0.334
7 0.334
7 0.334
2 0.334
4 0.334
4 0.334
4 0.334
4 0.334
3 0.334
3 0.334
3 0.334
3 0.334
3 0.334
3 0.334
3 0.334
4 0.334
4 0.334
3 0.334
3 0.334
3 0.334
3 0.334
3 0.334
3 0.334
3 0.334
3 0.334
3 0.334
3 0.334
3 0.334
3 0.334
3 0.334
3 0.334
3 0.334
3 0.334
5 0.3336666666666666
5 0.3336666666666666
5 0.3336666666666666
5 0.3336666666666666
5 0.3336666666666666
5 0.3336666666666666
5 0.3336666666666666
5 0.3336666666666666
5 0.3336666666666666
5 0.3336666666666666
5 0.3336666666666666
5 0.3336666666666666
5 0.3336666666666666
5 0.3336666666666666
5 0.3336666666666666
5 0.3336666666666666
5 0.3336666666666666
5 0.3336666666666666
5 0.3336666666666666
5 0.3336666666666666
5 0.3336666666666666
5 0.3336666666666666
5 0.3336666666666666
5 0.3336666666666666
8 0.3336666666666666
8 0.3336666666666666
7 0.3336666666666666
8 0.3336666666666666
8 0.3336666666666666
8 0.3336666666666666
8 0.3336666666666666
8 0.3336666666666666
8 0.3336666666666666
8 0.3336666666666666
10 0.3336666666666666
10 0.3336666666666666
10 0.3336666666666666
10 0.3336666666666666
10 0.3336666666666666
8 0.3336666666666666
8 0.3336666666666666
7 0.3336666666666666
8 0.3336666666666666
8 0.3336666666666666
8 0.3336666666666666
8 0.3336666666666666
8 0.3336666666666666
8 0.3336666666666666
8 0.3336666666666666
10 0.3336666666666666
10 0.3336666666666666
10 0.3336666666666666
10 0.3336666666666666
10 0.3336666666666666
12 0.3336666666666666
12 0.3336666666666666
12 0.3336666666666666
12 0.3336666666666666
12 0.3336666666666666
11 0.3336666666666666
11 0.3336666666666666
11 0.3336666666666666
11 0.3336666666666666
11 0.3336666666666666
11 0.3336666666666666
11 0.3336666666666666
11 0.3336666666666666
11 0.3336666666666666
11 0.3336666666666666
12 0.3336666666666666
12 0.3336666666666666
12 0.3336666666666666
12 0.3336666666666666
12 0.3336666666666666
8 0.3336666666666666
10 0.3336666666666666
10 0.3336666666666666
8 0.3336666666666666
8 0.3336666666666666
8 0.3336666666666666
9 0.3336666666666666
9 0.3336666666666666
9 0.3336666666666666
8 0.3336666666666666
8 0.3336666666666666
8 0.3336666666666666
6 0.3336666666666666
6 0.3336666666666666
5 0.3336666666666666
6 0.3336666666666666
6 0.3336666666666666
6 0.3336666666666666
6 0.3336666666666666
6 0.3336666666666666
6 0.3336666666666666
6 0.3336666666666666
5 0.3336666666666666
5 0.3336666666666666
5 0.3336666666666666
12 0.3336666666666666
12 0.3336666666666666
12 0.3336666666666666
12 0.3336666666666666
12 0.3336666666666666
9 0.3336666666666666
11 0.3336666666666666
11 0.3336666666666666
11 0.3336666666666666
11 0.3336666666666666
11 0.3336666666666666
15 0.33355555555555555
14 0.33355555555555555
14 0.33355555555555555
15 0.33355555555555555
15 0.33355555555555555
14 0.33355555555555555
16 0.30019999999999997
16 0.30019999999999997
16 0.30019999999999997
16 0.30019999999999997
16 0.30019999999999997
16 0.30019999999999997
15 0.30019999999999997
15 0.30019999999999997
15 0.30019999999999997
15 0.30019999999999997
15 0.30019999999999997
15 0.30019999999999997
15 0.30019999999999997
15 0.30019999999999997
15 0.30019999999999997
15 0.30019999999999997
15 0.30019999999999997
15 0.30019999999999997
16 0.30019999999999997
16 0.30019999999999997
16 0.30019999999999997
16 0.30019999999999997
16 0.30019999999999997
16 0.30019999999999997
16 0.30019999999999997
16 0.30019999999999997
16 0.30019999999999997
16 0.30019999999999997
16 0.30019999999999997
16 0.30019999999999997
15 0.30019999999999997
15 0.30019999999999997
15 0.30019999999999997
15 0.30019999999999997
15 0.30019999999999997
15 0.30019999999999997
10 0.286
10 0.286
9 0.286
10 0.286
10 0.286
10 0.286
10 0.286
10 0.286
10 0.286
10 0.286
12 0.286
12 0.286
12 0.286
12 0.286
12 0.286
9 0.286
9 0.286
9 0.286
9 0.286
9 0.286
9 0.286
9 0.286
9 0.286
9 0.286
9 0.286
9 0.286
8 0.286
9 0.286
9 0.286
9 0.286
9 0.286
9 0.286
9 0.286
9 0.286
11 0.286
11 0.286
11 0.286
11 0.286
11 0.286
9 0.286
9 0.286
8 0.286
9 0.286
9 0.286
9 0.286
9 0.286
9 0.286
9 0.286
9 0.286
11 0.286
11 0.286
11 0.286
11 0.286
11 0.286
15 0.286
14 0.286
14 0.286
15 0.286
10 0.286
10 0.286
9 0.286
10 0.286
10 0.286
10 0.286
10 0.286
10 0.286
10 0.286
10 0.286
12 0.286
12 0.286
12 0.286
12 0.286
12 0.286
9 0.286
9 0.286
9 0.286
9 0.286
9 0.286
9 0.286
11 0.286
11 0.286
11 0.286
11 0.286
11 0.286
11 0.286
11 0.286
11 0.286
11 0.286
11 0.286
11 0.286
11 0.286
6 0.286
6 0.286
6 0.286
6 0.286
6 0.286
6 0.286
8 0.286
8 0.286
7 0.286
8 0.286
8 0.286
8 0.286
8 0.286
8 0.286
8 0.286
8 0.286
7 0.286
7 0.286
6 0.286
7 0.286
7 0.286
7 0.286
7 0.286
7 0.286
7 0.286
7 0.286
17 0.286
17 0.286
16 0.286
17 0.286
17 0.286
17 0.286
17 0.286
17 0.286
17 0.286
17 0.286
19 0.286
19 0.286
19 0.286
19 0.286
19 0.286
6 0.286
6 0.286
6 0.286
10 0.286
10 0.286
9 0.286
10 0.286
10 0.286
10 0.286
10 0.286
10 0.286
10 0.286
10 0.286
12 0.286
12 0.286
12 0.286
12 0.286
12 0.286
65 0.286
65 0.286
64 0.286
65 0.286
65 0.286
65 0.286
65 0.286
65 0.286
65 0.286
65 0.286
67 0.286
67 0.286
67 0.286
67 0.286
67 0.286
9 0.286
9 0.286
9 0.286
7 0.286
7 0.286
6 0.286
7 0.286
7 0.286
7 0.286
7 0.286
7 0.286
7 0.286
7 0.286
7 0.286
7 0.286
6 0.286
7 0.286
7 0.286
7 0.286
7 0.286
7 0.286
7 0.286
7 0.286
9 0.286
9 0.286
8 0.286
9 0.286
9 0.286
9 0.286
9 0.286
9 0.286
9 0.286
9 0.286
11 0.286
11 0.286
11 0.286
11 0.286
11 0.286
10 0.286
10 0.286
9 0.286
10 0.286
10 0.286
10 0.286
10 0.286
10 0.286
10 0.286
10 0.286
12 0.286
12 0.286
12 0.286
12 0.286
12 0.286
8 0.286
8 0.286
8 0.286
15 0.286
14 0.286
6 0.2505
7 0.2505
3 0.2505
4 0.2505
9 0.2505
4 0.2505
3 0.2505
3 0.2505
6 0.2505
6 0.2505
6 0.2505
6 0.2505
6 0.2505
9 0.2505
4 0.2505
3 0.2505
3 0.2505
6 0.2505
6 0.2505
6 0.2505
6 0.2505
6 0.2505
9 0.2505
4 0.2505
3 0.2505
3 0.2505
6 0.2505
6 0.2505
6 0.2505
6 0.2505
6 0.2505
9 0.2505
4 0.2505
3 0.2505
3 0.2505
6 0.2505
6 0.2505
6 0.2505
6 0.2505
6 0.2505
7 0.2505
5 0.2505
7 0.2505
5 0.2505
5 0.2505
5 0.2505
5 0.2505
5 0.2505
5 0.2505
5 0.2505
5 0.2505
5 0.2505
5 0.2505
5 0.2505
5 0.2505
5 0.2505
5 0.2505
5 0.2505
4 0.2505
6 0.2505
5 0.2505
5 0.2505
3 0.2505
5 0.2505
4 0.2505
4 0.2505
3 0.2505
5 0.2505
4 0.2505
4 0.2505
4 0.2505
6 0.2505
5 0.2505
5 0.2505
8 0.2505
6 0.2505
4 0.2505
4 0.2505
4 0.2505
4 0.2505
4 0.2505
3 0.2505
3 0.2505
3 0.2505
4 0.2505
9 0.2505
9 0.2505
9 0.2505
9 0.2505
3 0.2505
3 0.2505
3 0.2505
5 0.2505
9 0.2505
9 0.2505
9 0.2505
9 0.2505
4 0.2505
4 0.2505
4 0.2505
5 0.2505
13 0.2505
13 0.2505
13 0.2505
13 0.2505
3 0.2505
3 0.2505
3 0.2505
3 0.2505
3 0.2505
3 0.2505
3 0.2505
3 0.2505
3 0.2505
3 0.2505
5 0.2505
5 0.2505
5 0.2505
5 0.2505
5 0.2505
4 0.2505
3 0.2505
13 0.2505
14 0.2505
3 0.2505
3 0.2505
3 0.2505
3 0.2505
3 0.2505
8 0.2505
6 0.2505
3 0.2505
3 0.2505
3 0.2505
3 0.2505
3 0.2505
61 0.2505
62 0.2505
3 0.2505
3 0.2505
5 0.2505
6 0.2505
8 0.2505
6 0.2505
3 0.2505
3 0.2505
3 0.2505
3 0.2505
3 0.2505
3 0.2505
5 0.2505
5 0.2505
5 0.2505
5 0.2505
5 0.2505
4 0.2505
6 0.2505
5 0.2505
5 0.2505
3 0.2505
5 0.2505
4 0.2505
10 0.25025
10 0.25025
10 0.25025
10 0.25025
10 0.25025
10 0.25025
10 0.25025
10 0.25025
10 0.25025
10 0.25025
10 0.25025
10 0.25025
10 0.25025
10 0.25025
10 0.25025
10 0.25025
10 0.25025
10 0.25025
10 0.25025
10 0.25025
10 0.25025
10 0.25025
10 0.25025
10 0.25025
16 0.25025
16 0.25025
16 0.25025
12 0.25025
12 0.25025
11 0.25025
15 0.25025
15 0.25025
15 0.25025
10 0.25025
14 0.25025
14 0.25025
14 0.25025
10 0.25025
14 0.25025
14 0.25025
14 0.25025
11 0.25025
15 0.25025
15 0.25025
15 0.25025
12 0.25025
12 0.25025
12 0.25025
7 0.25025
7 0.25025
7 0.25025
13 0.25025
13 0.25025
13 0.25025
13 0.25025
13 0.25025
13 0.25025
13 0.25025
13 0.25025
11 0.25025
11 0.25025
11 0.25025
14 0.25025
14 0.25025
14 0.25025
14 0.25025
14 0.25025
11 0.25025
11 0.25025
11 0.25025
13 0.25025
13 0.25025
13 0.25025
13 0.25025
13 0.25025
10 0.25025
10 0.25025
10 0.25025
10 0.25025
10 0.25025
11 0.25025
15 0.25025
15 0.25025
15 0.25025
10 0.25025
14 0.25025
14 0.25025
14 0.25025
13 0.25025
11 0.25025
11 0.25025
14 0.22244444444444442
11 0.22244444444444442
13 0.22244444444444442
13 0.22244444444444442
13 0.22244444444444442
13 0.22244444444444442
13 0.22244444444444442
13 0.22244444444444442
13 0.22244444444444442
13 0.22244444444444442
13 0.22244444444444442
13 0.22244444444444442
13 0.22244444444444442
13 0.22244444444444442
13 0.22244444444444442
13 0.22244444444444442
13 0.22244444444444442
12 0.22244444444444442
12 0.22244444444444442
13 0.22244444444444442
14 0.22244444444444442
14 0.22244444444444442
14 0.22244444444444442
14 0.22244444444444442
9 0.22244444444444442
9 0.22244444444444442
8 0.22244444444444442
9 0.22244444444444442
9 0.22244444444444442
9 0.22244444444444442
9 0.22244444444444442
9 0.22244444444444442
9 0.22244444444444442
9 0.22244444444444442
9 0.22244444444444442
9 0.22244444444444442
8 0.22244444444444442
9 0.22244444444444442
9 0.22244444444444442
9 0.22244444444444442
9 0.22244444444444442
9 0.22244444444444442
9 0.22244444444444442
9 0.22244444444444442
21 0.22244444444444442
9 0.22244444444444442
9 0.22244444444444442
8 0.22244444444444442
9 0.22244444444444442
9 0.22244444444444442
9 0.22244444444444442
9 0.22244444444444442
9 0.22244444444444442
9 0.22244444444444442
9 0.22244444444444442
14 0.22244444444444442
16 0.22244444444444442
16 0.22244444444444442
16 0.22244444444444442
16 0.22244444444444442
16 0.22244444444444442
16 0.22244444444444442
69 0.22244444444444442
14 0.22244444444444442
14 0.22244444444444442
14 0.22244444444444442
14 0.22244444444444442
14 0.22244444444444442
13 0.22244444444444442
14 0.22244444444444442
11 0.22244444444444442
11 0.22244444444444442
10 0.22244444444444442
11 0.22244444444444442
11 0.22244444444444442
11 0.22244444444444442
11 0.22244444444444442
11 0.22244444444444442
11 0.22244444444444442
11 0.22244444444444442
13 0.22244444444444442
12 0.22244444444444442
5 0.2004
5 0.2004
4 0.2004
5 0.2004
5 0.2004
5 0.2004
5 0.2004
5 0.2004
5 0.2004
5 0.2004
7 0.2004
7 0.2004
7 0.2004
7 0.2004
7 0.2004
7 0.2004
7 0.2004
4 0.2004
4 0.2004
4 0.2004
4 0.2004
4 0.2004
4 0.2004
4 0.2004
4 0.2004
4 0.2004
4 0.2004
5 0.2004
10 0.2004
10 0.2004
10 0.2004
10 0.2004
4 0.2004
4 0.2004
4 0.2004
5 0.2004
10 0.2004
10 0.2004
10 0.2004
10 0.2004
4 0.2004
4 0.2004
4 0.2004
5 0.2004
10 0.2004
10 0.2004
10 0.2004
10 0.2004
4 0.2004
4 0.2004
4 0.2004
5 0.2004
10 0.2004
10 0.2004
10 0.2004
10 0.2004
6 0.2004
6 0.2004
6 0.2004
6 0.2004
6 0.2004
6 0.2004
6 0.2004
6 0.2004
6 0.2004
6 0.2004
6 0.2004
6 0.2004
6 0.2004
6 0.2004
7 0.2004
6 0.2004
6 0.2004
9 0.2004
9 0.2004
9 0.2004
9 0.2004
9 0.2004
12 0.2004
7 0.2004
6 0.2004
6 0.2004
9 0.2004
9 0.2004
9 0.2004
9 0.2004
9 0.2004
6 0.2004
10 0.2004
10 0.2004
8 0.2004
5 0.2004
9 0.2004
9 0.2004
7 0.2004
5 0.2004
9 0.2004
9 0.2004
7 0.2004
6 0.2004
10 0.2004
10 0.2004
8 0.2004
7 0.2004
7 0.2004
7 0.2004
7 0.2004
7 0.2004
7 0.2004
7 0.2004
5 0.2004
5 0.2004
5 0.2004
5 0.2004
4 0.2004
6 0.2004
6 0.2004
4 0.2004
11 0.2004
7 0.2004
5 0.2004
5 0.2004
5 0.2004
5 0.2004
5 0.2004
5 0.2004
5 0.2004
6 0.2004
6 0.2004
4 0.2004
11 0.2004
7 0.2004
5 0.2004
5 0.2004
6 0.2004
6 0.2004
6 0.2004
6 0.2004
5 0.2004
7 0.2004
7 0.2004
5 0.2004
15 0.2004
8 0.2004
6 0.2004
6 0.2004
4 0.2004
4 0.2004
4 0.2004
4 0.2004
4 0.2004
6 0.2004
6 0.2004
6 0.2004
6 0.2004
6 0.2004
9 0.2004
7 0.2004
4 0.2004
4 0.2004
4 0.2004
5 0.2004
5 0.2004
5 0.2004
5 0.2004
5 0.2004
5 0.2004
4 0.2004
4 0.2004
4 0.2004
4 0.2004
4 0.2004
4 0.2004
14 0.2004
14 0.2004
14 0.2004
14 0.2004
14 0.2004
14 0.2004
14 0.2004
7 0.2004
7 0.2004
7 0.2004
7 0.2004
7 0.2004
7 0.2004
7 0.2004
10 0.2004
8 0.2004
8 0.2004
8 0.2004
8 0.2004
8 0.2004
8 0.2004
8 0.2004
8 0.2004
8 0.2004
8 0.2004
8 0.2004
8 0.2004
8 0.2004
8 0.2004
8 0.2004
8 0.2004
9 0.2004
7 0.2004
62 0.2004
62 0.2004
62 0.2004
62 0.2004
62 0.2004
62 0.2004
62 0.2004
4 0.2004
4 0.2004
4 0.2004
4 0.2004
4 0.2004
4 0.2004
4 0.2004
4 0.2004
4 0.2004
4 0.2004
4 0.2004
4 0.2004
6 0.2004
6 0.2004
6 0.2004
6 0.2004
6 0.2004
6 0.2004
6 0.2004
7 0.2004
7 0.2004
7 0.2004
7 0.2004
7 0.2004
7 0.2004
7 0.2004
4 0.2004
5 0.2004
6 0.2004
10 0.2004
10 0.2004
8 0.2004
5 0.2004
9 0.2004
9 0.2004
7 0.2004
15 0.2002
15 0.2002
15 0.2002
15 0.2002
15 0.2002
15 0.2002
12 0.2002
12 0.2002
12 0.2002
12 0.2002
12 0.2002
12 0.2002
21 0.2002
21 0.2002
21 0.2002
21 0.2002
21 0.2002
14 0.2002
14 0.2002
14 0.2002
14 0.2002
14 0.2002
14 0.2002
14 0.2002
14 0.2002
14 0.2002
14 0.2002
14 0.2002
14 0.2002
15 0.2002
15 0.2002
15 0.2002
15 0.2002
15 0.2002
15 0.2002
15 0.2002
15 0.2002
14 0.2002
15 0.2002
15 0.2002
15 0.2002
15 0.2002
15 0.2002
15 0.2002
15 0.2002
10 0.2002
10 0.2002
9 0.2002
10 0.2002
10 0.2002
10 0.2002
10 0.2002
10 0.2002
10 0.2002
10 0.2002
16 0.2002
16 0.2002
15 0.2002
16 0.2002
16 0.2002
16 0.2002
16 0.2002
16 0.2002
16 0.2002
16 0.2002
15 0.2002
22 0.2002
22 0.2002
22 0.2002
22 0.2002
22 0.2002
22 0.2002
15 0.2002
15 0.2002
15 0.2002
15 0.2002
15 0.2002
15 0.2002
14 0.2002
14 0.2002
13 0.2002
14 0.2002
14 0.2002
14 0.2002
14 0.2002
14 0.2002
14 0.2002
14 0.2002
16 0.2002
14 0.2002
14 0.2002
13 0.2002
14 0.2002
14 0.2002
14 0.2002
14 0.2002
14 0.2002
14 0.2002
14 0.2002
15 0.2002
70 0.2002
70 0.2002
70 0.2002
70 0.2002
70 0.2002
70 0.2002
14 0.2002
14 0.2002
14 0.2002
14 0.2002
14 0.2002
14 0.2002
15 0.2002
15 0.2002
15 0.2002
15 0.2002
15 0.2002
15 0.2002
232 0.2002
232 0.2002
232 0.2002
12 0.2002
21 0.18199999999999997
37 0.18199999999999997
20 0.18199999999999997
36 0.18199999999999997
20 0.18199999999999997
36 0.18199999999999997
21 0.18199999999999997
37 0.18199999999999997
17 0.18199999999999997
17 0.18199999999999997
16 0.18199999999999997
17 0.18199999999999997
17 0.18199999999999997
17 0.18199999999999997
17 0.18199999999999997
17 0.18199999999999997
17 0.18199999999999997
17 0.18199999999999997
16 0.18199999999999997
16 0.18199999999999997
16 0.18199999999999997
16 0.18199999999999997
16 0.18199999999999997
16 0.18199999999999997
17 0.18199999999999997
17 0.18199999999999997
17 0.18199999999999997
17 0.18199999999999997
17 0.18199999999999997
17 0.18199999999999997
19 0.18199999999999997
19 0.18199999999999997
18 0.18199999999999997
19 0.18199999999999997
19 0.18199999999999997
19 0.18199999999999997
19 0.18199999999999997
19 0.18199999999999997
19 0.18199999999999997
19 0.18199999999999997
19 0.18199999999999997
19 0.18199999999999997
18 0.18199999999999997
19 0.18199999999999997
19 0.18199999999999997
19 0.18199999999999997
19 0.18199999999999997
19 0.18199999999999997
19 0.18199999999999997
19 0.18199999999999997
16 0.18199999999999997
16 0.18199999999999997
16 0.18199999999999997
16 0.18199999999999997
16 0.18199999999999997
16 0.18199999999999997
16 0.18199999999999997
13 0.18199999999999997
13 0.18199999999999997
13 0.18199999999999997
13 0.18199999999999997
13 0.18199999999999997
13 0.18199999999999997
21 0.18199999999999997
37 0.18199999999999997
20 0.18199999999999997
36 0.18199999999999997
9 0.167
11 0.167
11 0.167
11 0.167
11 0.167
11 0.167
6 0.167
8 0.167
8 0.167
8 0.167
8 0.167
8 0.167
5 0.167
7 0.167
7 0.167
5 0.167
12 0.167
8 0.167
6 0.167
6 0.167
5 0.167
7 0.167
7 0.167
5 0.167
12 0.167
8 0.167
6 0.167
6 0.167
5 0.167
7 0.167
7 0.167
5 0.167
12 0.167
8 0.167
6 0.167
6 0.167
5 0.167
7 0.167
7 0.167
5 0.167
12 0.167
8 0.167
6 0.167
6 0.167
10 0.167
10 0.167
10 0.167
10 0.167
10 0.167
10 0.167
10 0.167
10 0.167
10 0.167
10 0.167
12 0.167
8 0.167
8 0.167
13 0.167
13 0.167
13 0.167
13 0.167
9 0.167
7 0.167
7 0.167
8 0.167
6 0.167
6 0.167
8 0.167
6 0.167
6 0.167
9 0.167
7 0.167
7 0.167
11 0.167
11 0.167
11 0.167
11 0.167
11 0.167
5 0.167
6 0.167
6 0.167
10 0.167
8 0.167
5 0.167
5 0.167
16 0.167
18 0.167
18 0.167
18 0.167
18 0.167
18 0.167
5 0.167
11 0.167
11 0.167
11 0.167
11 0.167
11 0.167
64 0.167
66 0.167
66 0.167
66 0.167
66 0.167
66 0.167
10 0.167
8 0.167
8 0.167
10 0.167
10 0.167
10 0.167
10 0.167
10 0.167
9 0.167
11 0.167
11 0.167
11 0.167
11 0.167
11 0.167
12 0.167
10 0.167
7 0.167
5 0.167
5 0.167
5 0.167
5 0.167
5 0.167
5 0.167
5 0.167
9 0.167
7 0.167
7 0.167
23 0.1668333333333333
17 0.1668333333333333
16 0.1668333333333333
16 0.1668333333333333
17 0.1668333333333333
17 0.1668333333333333
17 0.1668333333333333
17 0.1668333333333333
17 0.1668333333333333
17 0.1668333333333333
17 0.1668333333333333
237 0.1668333333333333
237 0.1668333333333333
237 0.1668333333333333
237 0.1668333333333333
237 0.1668333333333333
17 0.1668333333333333
16 0.1668333333333333
24 0.15399999999999997
24 0.15399999999999997
24 0.15399999999999997
24 0.15399999999999997
24 0.15399999999999997
24 0.15399999999999997
9 0.14314285714285716
9 0.14314285714285716
9 0.14314285714285716
6 0.14314285714285716
6 0.14314285714285716
6 0.14314285714285716
6 0.14314285714285716
6 0.14314285714285716
6 0.14314285714285716
6 0.14314285714285716
17 0.14314285714285716
15 0.14314285714285716
8 0.14314285714285716
8 0.14314285714285716
12 0.14314285714285716
12 0.14314285714285716
12 0.14314285714285716
11 0.14314285714285716
9 0.14314285714285716
9 0.14314285714285716
8 0.14314285714285716
15 0.14314285714285716
11 0.14314285714285716
9 0.14314285714285716
9 0.14314285714285716
16 0.14314285714285716
15 0.14314285714285716
15 0.14314285714285716
16 0.14314285714285716
19 0.14314285714285716
14 0.14314285714285716
19 0.14314285714285716
15 0.14314285714285716
23 0.14314285714285716
15 0.14314285714285716
6 0.14314285714285716
6 0.14314285714285716
6 0.14314285714285716
6 0.14314285714285716
6 0.14314285714285716
6 0.14314285714285716
6 0.14314285714285716
6 0.14314285714285716
6 0.14314285714285716
6 0.14314285714285716
6 0.14314285714285716
6 0.14314285714285716
6 0.14314285714285716
12 0.14314285714285716
12 0.14314285714285716
12 0.14314285714285716
12 0.14314285714285716
12 0.14314285714285716
7 0.14314285714285716
7 0.14314285714285716
6 0.14314285714285716
7 0.14314285714285716
7 0.14314285714285716
7 0.14314285714285716
7 0.14314285714285716
7 0.14314285714285716
7 0.14314285714285716
7 0.14314285714285716
16 0.14314285714285716
16 0.14314285714285716
16 0.14314285714285716
6 0.14314285714285716
6 0.14314285714285716
6 0.14314285714285716
7 0.14314285714285716
13 0.14314285714285716
13 0.14314285714285716
13 0.14314285714285716
13 0.14314285714285716
13 0.14314285714285716
6 0.14314285714285716
7 0.14314285714285716
6 0.14314285714285716
7 0.14314285714285716
6 0.14314285714285716
7 0.14314285714285716
10 0.14314285714285716
12 0.14314285714285716
12 0.14314285714285716
12 0.14314285714285716
12 0.14314285714285716
12 0.14314285714285716
64 0.14314285714285716
64 0.14314285714285716
64 0.14314285714285716
8 0.14314285714285716
8 0.14314285714285716
8 0.14314285714285716
14 0.14314285714285716
8 0.14314285714285716
8 0.14314285714285716
8 0.14314285714285716
8 0.14314285714285716
11 0.14314285714285716
11 0.14314285714285716
11 0.14314285714285716
11 0.14314285714285716
11 0.14314285714285716
11 0.14314285714285716
11 0.14314285714285716
8 0.14314285714285716
8 0.14314285714285716
7 0.14314285714285716
9 0.14314285714285716
9 0.14314285714285716
9 0.14314285714285716
9 0.14314285714285716
9 0.14314285714285716
16 0.14314285714285716
15 0.14314285714285716
239 0.143
240 0.13346666666666665
240 0.13346666666666665
240 0.13346666666666665
240 0.13346666666666665
240 0.13346666666666665
240 0.13346666666666665
11 0.12525
11 0.12525
11 0.12525
11 0.12525
12 0.12525
12 0.12525
10 0.12525
13 0.12525
11 0.12525
11 0.12525
8 0.12525
8 0.12525
8 0.12525
8 0.12525
9 0.12525
9 0.12525
7 0.12525
10 0.12525
8 0.12525
8 0.12525
20 0.12525
15 0.12525
20 0.12525
15 0.12525
20 0.12525
15 0.12525
20 0.12525
15 0.12525
9 0.12525
9 0.12525
9 0.12525
10 0.12525
10 0.12525
9 0.12525
17 0.12525
17 0.12525
10 0.12525
19 0.12525
17 0.12525
12 0.12525
12 0.12525
15 0.12525
15 0.12525
19 0.12525
7 0.12525
7 0.12525
7 0.12525
7 0.12525
7 0.12525
7 0.12525
22 0.12525
20 0.12525
13 0.12525
13 0.12525
18 0.12525
18 0.12525
18 0.12525
18 0.12525
19 0.12525
19 0.12525
17 0.12525
20 0.12525
18 0.12525
18 0.12525
12 0.12525
10 0.12525
11 0.12525
11 0.12525
16 0.12525
11 0.12525
11 0.12525
15 0.12525
66 0.12525
66 0.12525
66 0.12525
66 0.12525
67 0.12525
67 0.12525
65 0.12525
68 0.12525
66 0.12525
66 0.12525
13 0.12525
13 0.12525
13 0.12525
13 0.12525
13 0.12525
10 0.12525
10 0.12525
10 0.12525
10 0.12525
11 0.12525
11 0.12525
9 0.12525
12 0.12525
10 0.12525
10 0.12525
10 0.12525
14 0.12525
14 0.12525
14 0.12525
13 0.12525
11 0.12525
11 0.12525
15 0.12525
15 0.12525
15 0.12525
15 0.12525
15 0.12525
7 0.12525
7 0.12525
7 0.12525
26 0.11133333333333334
16 0.11133333333333334
16 0.11133333333333334
16 0.11133333333333334
16 0.11133333333333334
20 0.11133333333333334
20 0.11133333333333334
20 0.11133333333333334
20 0.11133333333333334
20 0.11133333333333334
28 0.11133333333333334
25 0.11133333333333334
24 0.11133333333333334
24 0.11133333333333334
25 0.11133333333333334
28 0.11133333333333334
18 0.11133333333333334
23 0.11133333333333334
18 0.11133333333333334
29 0.11133333333333334
26 0.11133333333333334
25 0.11133333333333334
25 0.11133333333333334
26 0.11133333333333334
29 0.11133333333333334
10 0.11133333333333334
11 0.11133333333333334
14 0.11133333333333334
14 0.11133333333333334
29 0.11133333333333334
26 0.11133333333333334
25 0.11133333333333334
25 0.11133333333333334
26 0.11133333333333334
29 0.11133333333333334
12 0.11133333333333334
16 0.11133333333333334
16 0.11133333333333334
16 0.11133333333333334
16 0.11133333333333334
16 0.11133333333333334
16 0.11133333333333334
16 0.11133333333333334
11 0.11133333333333334
15 0.11133333333333334
15 0.11133333333333334
15 0.11133333333333334
28 0.11133333333333334
25 0.11133333333333334
29 0.11133333333333334
19 0.11133333333333334
25 0.11133333333333334
25 0.11133333333333334
26 0.11133333333333334
12 0.11133333333333334
233 0.11133333333333334
231 0.11133333333333334
9 0.11133333333333334
9 0.11133333333333334
9 0.11133333333333334
9 0.11133333333333334
10 0.11133333333333334
10 0.11133333333333334
8 0.11133333333333334
11 0.11133333333333334
9 0.11133333333333334
9 0.11133333333333334
18 0.1002
19 0.1002
30 0.1002
27 0.1002
26 0.1002
26 0.1002
27 0.1002
30 0.1002
31 0.1002
21 0.1002
27 0.1002
27 0.1002
28 0.1002
14 0.1002
30 0.1002
20 0.1002
26 0.1002
26 0.1002
27 0.1002
13 0.1002
27 0.1002
40 0.0910909090909091
26 0.0910909090909091
42 0.0910909090909091
14 0.0910909090909091
27 0.0910909090909091
43 0.0910909090909091
27 0.0910909090909091
43 0.0910909090909091
31 0.0910909090909091
28 0.0910909090909091
27 0.0910909090909091
27 0.0910909090909091
28 0.0910909090909091
31 0.0910909090909091
26 0.0910909090909091
42 0.0910909090909091
20 0.0910909090909091
27 0.0910909090909091
43 0.0910909090909091
33 0.0910909090909091
30 0.0910909090909091
29 0.0910909090909091
29 0.0910909090909091
30 0.0910909090909091
33 0.0910909090909091
236 0.0910909090909091
236 0.0910909090909091
236 0.0910909090909091
236 0.0910909090909091
236 0.0910909090909091
30 0.0835
45 0.0835
27 0.0835
42 0.0835
38 0.0835
35 0.0835
34 0.0835
34 0.0835
35 0.0835
38 0.0835
38 0.0835
39 0.0835
28 0.0835
44 0.0835
52 0.0835
39 0.0835
22 0.0835
29 0.0835
45 0.0835
21 0.0835
28 0.0835
44 0.0835
100 0.0835
29 0.0835
16 0.0835
41 0.0835
37 0.07707692307692307
36 0.07707692307692307
36 0.07707692307692307
37 0.07707692307692307
40 0.07707692307692307
39 0.07707692307692307
39 0.07707692307692307
40 0.07707692307692307
40 0.07707692307692307
30 0.07707692307692307
29 0.07707692307692307
29 0.07707692307692307
30 0.07707692307692307
18 0.07707692307692307
39 0.07707692307692307
17 0.07707692307692307
29 0.07707692307692307
45 0.07707692307692307
31 0.07707692307692307
47 0.07707692307692307
28 0.07707692307692307
43 0.07707692307692307
52 0.07157142857142858
41 0.07157142857142858
43 0.07157142857142858
254 0.07157142857142858
251 0.07157142857142858
250 0.07157142857142858
250 0.07157142857142858
251 0.07157142857142858
254 0.07157142857142858
43 0.0668
41 0.0668
41 0.0668
252 0.062625
268 0.062625
264 0.05894117647058823
2 0.002
1 0.002
1 0.002
1 0.002
1 0.002
2 0.002
1 0.002
1 0.002
1 0.002
1 0.002
2 0.002
1 0.002
1 0.002
1 0.002
1 0.002
2 0.002
1 0.002
1 0.002
1 0.002
1 0.002
1 0.002
1 0.002
1 0.002
1 0.002
1 0.002
1 0.002
2 0.002
1 0.002
1 0.002
1 0.002
1 0.002
1 0.002
1 0.002
1 0.002
1 0.002
1 0.002
1 0.002
8 0.002
1 0.002
1 0.002
1 0.002
1 0.002
1 0.002
1 0.002
1 0.002
1 0.002
5 0.002
1 0.002
1 0.002
1 0.002
1 0.002
1 0.002
1 0.002
1 0.002
1 0.002
1 0.002
1 0.002
1 0.002
1 0.002
1 0.002
1 0.002
1 0.002
1 0.002
1 0.002
1 0.002
1 0.002
1 0.002
1 0.002
1 0.002
1 0.002
1 0.002
1 0.002
1 0.002
1 0.002
1 0.002
1 0.002
1 0.002
1 0.002
1 0.002
1 0.002
1 0.002
1 0.002
1 0.002
1 0.002
1 0.002
1 0.002
1 0.002
1 0.002
1 0.002
1 0.002
1 0.002
1 0.002
2 0.002
1 0.002
1 0.002
3 0.002
1 0.002
1 0.002
1 0.002
3 0.002
4 0.001
1 0.001
1 0.001
1 0.001
1 0.001
1 0.001
1 0.001
1 0.001
1 0.001
1 0.001
1 0.001
1 0.001
1 0.001
1 0.001
1 0.001
1 0.001
1 0.001
1 0.001
1 0.001
1 0.001
1 0.001
1 0.001
1 0.001
1 0.001
1 0.001
1 0.001
1 0.001
1 0.001
1 0.001
1 0.001
1 0.001
1 0.001
27 0.001
3 0.001
3 0.001
1 0.001
1 0.001
2 0.001
1 0.001
1 0.001
1 0.001
1 0.001
1 0.001
1 0.001
1 0.001
1 0.001
1 0.001
1 0.001
1 0.001
1 0.001
1 0.001
1 0.001
2 0.001
2 0.001
1 0.001
9 0.001
1 0.001
1 0.001
1 0.001
1 0.001
1 0.001
1 0.001
1 0.001
3 0.001
1 0.001
1 0.001
2 0.001
2 6.666666666666666E-4
2 6.666666666666666E-4
3 6.666666666666666E-4
5 6.666666666666666E-4
5 6.666666666666666E-4
5 6.666666666666666E-4
5 6.666666666666666E-4
3 6.666666666666666E-4
2 6.666666666666666E-4
2 6.666666666666666E-4
9 6.666666666666666E-4
2 6.666666666666666E-4
2 6.666666666666666E-4
5 6.666666666666666E-4
8 6.666666666666666E-4
4 6.666666666666666E-4
4 6.666666666666666E-4
4 6.666666666666666E-4
4 6.666666666666666E-4
4 6.666666666666666E-4
4 6.666666666666666E-4
4 6.666666666666666E-4
2 6.666666666666666E-4
2 6.666666666666666E-4
2 6.666666666666666E-4
2 6.666666666666666E-4
2 6.666666666666666E-4
2 6.666666666666666E-4
2 6.666666666666666E-4
4 6.666666666666666E-4
2 6.666666666666666E-4
2 6.666666666666666E-4
2 6.666666666666666E-4
2 6.666666666666666E-4
2 6.666666666666666E-4
2 6.666666666666666E-4
2 6.666666666666666E-4
2 6.666666666666666E-4
2 6.666666666666666E-4
4 6.666666666666666E-4
2 6.666666666666666E-4
2 6.666666666666666E-4
3 6.666666666666666E-4
3 6.666666666666666E-4
3 6.666666666666666E-4
3 6.666666666666666E-4
3 6.666666666666666E-4
3 6.666666666666666E-4
3 6.666666666666666E-4
5 6.666666666666666E-4
3 6.666666666666666E-4
3 6.666666666666666E-4
3 6.666666666666666E-4
3 6.666666666666666E-4
3 6.666666666666666E-4
3 6.666666666666666E-4
3 6.666666666666666E-4
9 6.666666666666666E-4
4 6.666666666666666E-4
4 6.666666666666666E-4
2 6.666666666666666E-4
5 6.666666666666666E-4
3 6.666666666666666E-4
2 6.666666666666666E-4
2 6.666666666666666E-4
2 6.666666666666666E-4
2 6.666666666666666E-4
2 6.666666666666666E-4
2 6.666666666666666E-4
2 6.666666666666666E-4
2 6.666666666666666E-4
2 6.666666666666666E-4
2 6.666666666666666E-4
4 6.666666666666666E-4
4 6.666666666666666E-4
4 6.666666666666666E-4
4 6.666666666666666E-4
4 6.666666666666666E-4
12 6.666666666666666E-4
2 6.666666666666666E-4
2 6.666666666666666E-4
2 6.666666666666666E-4
12 6.666666666666666E-4
2 6.666666666666666E-4
9 6.666666666666666E-4
2 6.666666666666666E-4
2 6.666666666666666E-4
2 6.666666666666666E-4
2 6.666666666666666E-4
2 6.666666666666666E-4
6 6.666666666666666E-4
2 6.666666666666666E-4
6 6.666666666666666E-4
2 6.666666666666666E-4
3 6.666666666666666E-4
3 6.666666666666666E-4
3 6.666666666666666E-4
3 6.666666666666666E-4
3 6.666666666666666E-4
3 6.666666666666666E-4
3 6.666666666666666E-4
5 6.666666666666666E-4
3 6.666666666666666E-4
3 6.666666666666666E-4
2 6.666666666666666E-4
2 6.666666666666666E-4
2 6.666666666666666E-4
2 6.666666666666666E-4
2 6.666666666666666E-4
2 6.666666666666666E-4
3 6.666666666666666E-4
3 6.666666666666666E-4
4 6.666666666666666E-4
3 6.666666666666666E-4
3 6.666666666666666E-4
3 6.666666666666666E-4
3 6.666666666666666E-4
3 6.666666666666666E-4
3 6.666666666666666E-4
3 6.666666666666666E-4
3 6.666666666666666E-4
3 6.666666666666666E-4
3 6.666666666666666E-4
3 6.666666666666666E-4
3 6.666666666666666E-4
3 6.666666666666666E-4
3 6.666666666666666E-4
3 6.666666666666666E-4
3 6.666666666666666E-4
3 6.666666666666666E-4
2 6.666666666666666E-4
2 6.666666666666666E-4
3 6.666666666666666E-4
3 6.666666666666666E-4
3 6.666666666666666E-4
3 6.666666666666666E-4
3 6.666666666666666E-4
3 6.666666666666666E-4
3 6.666666666666666E-4
3 6.666666666666666E-4
3 6.666666666666666E-4
3 6.666666666666666E-4
3 6.666666666666666E-4
3 6.666666666666666E-4
3 6.666666666666666E-4
3 6.666666666666666E-4
3 6.666666666666666E-4
3 6.666666666666666E-4
3 6.666666666666666E-4
3 6.666666666666666E-4
60 6.666666666666666E-4
10 6.666666666666666E-4
17 6.666666666666666E-4
10 6.666666666666666E-4
10 6.666666666666666E-4
10 6.666666666666666E-4
3 6.666666666666666E-4
2 6.666666666666666E-4
2 6.666666666666666E-4
2 6.666666666666666E-4
2 6.666666666666666E-4
2 6.666666666666666E-4
2 6.666666666666666E-4
2 6.666666666666666E-4
2 6.666666666666666E-4
2 6.666666666666666E-4
2 6.666666666666666E-4
4 6.666666666666666E-4
4 6.666666666666666E-4
11 6.666666666666666E-4
4 6.666666666666666E-4
4 6.666666666666666E-4
4 6.666666666666666E-4
3 6.666666666666666E-4
3 6.666666666666666E-4
3 6.666666666666666E-4
3 6.666666666666666E-4
3 6.666666666666666E-4
3 6.666666666666666E-4
3 6.666666666666666E-4
4 6.666666666666666E-4
2 6.666666666666666E-4
2 6.666666666666666E-4
2 6.666666666666666E-4
2 6.666666666666666E-4
2 6.666666666666666E-4
2 6.666666666666666E-4
2 6.666666666666666E-4
2 6.666666666666666E-4
2 6.666666666666666E-4
2 6.666666666666666E-4
2 6.666666666666666E-4
17 5.0E-4
7 5.0E-4
4 5.0E-4
10 5.0E-4
9 5.0E-4
9 5.0E-4
9 5.0E-4
9 5.0E-4
9 5.0E-4
9 5.0E-4
9 5.0E-4
9 5.0E-4
9 5.0E-4
9 5.0E-4
3 5.0E-4
3 5.0E-4
3 5.0E-4
4 5.0E-4
3 5.0E-4
3 5.0E-4
3 5.0E-4
3 5.0E-4
4 5.0E-4
4 5.0E-4
4 5.0E-4
10 5.0E-4
10 5.0E-4
10 5.0E-4
10 5.0E-4
10 5.0E-4
10 5.0E-4
10 5.0E-4
10 5.0E-4
46 5.0E-4
10 5.0E-4
10 5.0E-4
10 5.0E-4
10 5.0E-4
6 5.0E-4
3 5.0E-4
3 5.0E-4
3 5.0E-4
3 5.0E-4
3 5.0E-4
5 5.0E-4
5 5.0E-4
5 5.0E-4
5 5.0E-4
3 5.0E-4
3 5.0E-4
3 5.0E-4
5 5.0E-4
5 5.0E-4
13 5.0E-4
13 5.0E-4
13 5.0E-4
13 5.0E-4
13 5.0E-4
13 5.0E-4
13 5.0E-4
13 5.0E-4
49 5.0E-4
13 5.0E-4
13 5.0E-4
13 5.0E-4
13 5.0E-4
4 5.0E-4
4 5.0E-4
4 5.0E-4
4 5.0E-4
4 5.0E-4
4 5.0E-4
4 5.0E-4
6 5.0E-4
4 5.0E-4
4 5.0E-4
5 5.0E-4
5 5.0E-4
5 5.0E-4
5 5.0E-4
3 5.0E-4
14 5.0E-4
3 5.0E-4
3 5.0E-4
3 5.0E-4
3 5.0E-4
3 5.0E-4
3 5.0E-4
3 5.0E-4
21 5.0E-4
3 5.0E-4
3 5.0E-4
8 5.0E-4
8 5.0E-4
4 5.0E-4
4 5.0E-4
4 5.0E-4
3 5.0E-4
3 5.0E-4
3 5.0E-4
3 5.0E-4
3 5.0E-4
3 5.0E-4
3 5.0E-4
3 5.0E-4
3 5.0E-4
3 5.0E-4
4 5.0E-4
3 5.0E-4
21 5.0E-4
3 5.0E-4
3 5.0E-4
3 5.0E-4
3 5.0E-4
5 5.0E-4
5 5.0E-4
5 5.0E-4
5 5.0E-4
5 5.0E-4
5 5.0E-4
5 5.0E-4
5 5.0E-4
7 5.0E-4
7 5.0E-4
7 5.0E-4
7 5.0E-4
7 5.0E-4
4 5.0E-4
3 5.0E-4
3 5.0E-4
4 5.0E-4
7 5.0E-4
7 5.0E-4
7 5.0E-4
7 5.0E-4
7 5.0E-4
7 5.0E-4
4 5.0E-4
3 5.0E-4
3 5.0E-4
4 5.0E-4
7 5.0E-4
7 5.0E-4
7 5.0E-4
7 5.0E-4
7 5.0E-4
7 5.0E-4
4 5.0E-4
3 5.0E-4
3 5.0E-4
4 5.0E-4
7 5.0E-4
4 5.0E-4
4 5.0E-4
4 5.0E-4
4 5.0E-4
4 5.0E-4
4 5.0E-4
4 5.0E-4
11 5.0E-4
62 5.0E-4
3 5.0E-4
3 5.0E-4
3 5.0E-4
6 5.0E-4
5 5.0E-4
5 5.0E-4
5 5.0E-4
4 5.0E-4
3 5.0E-4
3 5.0E-4
10 5.0E-4
3 5.0E-4
3 5.0E-4
10 4.0E-4
10 4.0E-4
10 4.0E-4
5 4.0E-4
18 4.0E-4
8 4.0E-4
8 4.0E-4
6 4.0E-4
5 4.0E-4
6 4.0E-4
23 4.0E-4
12 4.0E-4
27 4.0E-4
27 4.0E-4
5 4.0E-4
5 4.0E-4
5 4.0E-4
5 4.0E-4
5 4.0E-4
6 4.0E-4
6 4.0E-4
6 4.0E-4
6 4.0E-4
6 4.0E-4
6 4.0E-4
6 4.0E-4
6 4.0E-4
26 4.0E-4
26 4.0E-4
27 4.0E-4
6 4.0E-4
24 4.0E-4
6 4.0E-4
6 4.0E-4
6 4.0E-4
6 4.0E-4
7 4.0E-4
5 4.0E-4
5 4.0E-4
26 4.0E-4
15 4.0E-4
5 4.0E-4
5 4.0E-4
5 4.0E-4
4 4.0E-4
4 4.0E-4
6 4.0E-4
4 4.0E-4
12 4.0E-4
5 4.0E-4
6 4.0E-4
4 4.0E-4
12 4.0E-4
5 4.0E-4
4 4.0E-4
8 4.0E-4
8 4.0E-4
8 4.0E-4
8 4.0E-4
8 4.0E-4
8 4.0E-4
8 4.0E-4
4 4.0E-4
4 4.0E-4
8 4.0E-4
44 4.0E-4
8 4.0E-4
8 4.0E-4
8 4.0E-4
8 4.0E-4
4 4.0E-4
8 4.0E-4
8 4.0E-4
8 4.0E-4
8 4.0E-4
8 4.0E-4
8 4.0E-4
8 4.0E-4
4 4.0E-4
4 4.0E-4
8 4.0E-4
44 4.0E-4
8 4.0E-4
8 4.0E-4
8 4.0E-4
8 4.0E-4
4 4.0E-4
8 4.0E-4
8 4.0E-4
8 4.0E-4
8 4.0E-4
8 4.0E-4
8 4.0E-4
8 4.0E-4
4 4.0E-4
4 4.0E-4
44 4.0E-4
8 4.0E-4
8 4.0E-4
9 4.0E-4
9 4.0E-4
12 4.0E-4
5 4.0E-4
5 4.0E-4
5 4.0E-4
5 4.0E-4
5 4.0E-4
5 4.0E-4
5 4.0E-4
7 4.0E-4
5 4.0E-4
5 4.0E-4
7 4.0E-4
7 4.0E-4
7 4.0E-4
7 4.0E-4
7 4.0E-4
7 4.0E-4
7 4.0E-4
9 4.0E-4
7 4.0E-4
7 4.0E-4
224 4.0E-4
224 4.0E-4
224 4.0E-4
224 4.0E-4
224 4.0E-4
224 4.0E-4
224 4.0E-4
226 4.0E-4
224 4.0E-4
224 4.0E-4
224 4.0E-4
224 4.0E-4
224 4.0E-4
224 4.0E-4
224 4.0E-4
224 4.0E-4
224 4.0E-4
5 4.0E-4
27 3.333333333333333E-4
12 3.333333333333333E-4
12 3.333333333333333E-4
12 3.333333333333333E-4
12 3.333333333333333E-4
12 3.333333333333333E-4
12 3.333333333333333E-4
12 3.333333333333333E-4
14 3.333333333333333E-4
12 3.333333333333333E-4
12 3.333333333333333E-4
5 3.333333333333333E-4
12 3.333333333333333E-4
12 3.333333333333333E-4
12 3.333333333333333E-4
19 3.333333333333333E-4
17 3.333333333333333E-4
7 3.333333333333333E-4
28 3.333333333333333E-4
28 3.333333333333333E-4
28 3.333333333333333E-4
28 3.333333333333333E-4
28 3.333333333333333E-4
28 3.333333333333333E-4
28 3.333333333333333E-4
7 3.333333333333333E-4
7 3.333333333333333E-4
8 3.333333333333333E-4
6 3.333333333333333E-4
6 3.333333333333333E-4
15 3.333333333333333E-4
6 3.333333333333333E-4
15 3.333333333333333E-4
15 3.333333333333333E-4
15 3.333333333333333E-4
22 3.333333333333333E-4
20 3.333333333333333E-4
7 3.333333333333333E-4
22 3.333333333333333E-4
5 3.333333333333333E-4
5 3.333333333333333E-4
5 3.333333333333333E-4
12 3.333333333333333E-4
10 3.333333333333333E-4
5 3.333333333333333E-4
5 3.333333333333333E-4
5 3.333333333333333E-4
12 3.333333333333333E-4
5 3.333333333333333E-4
5 3.333333333333333E-4
5 3.333333333333333E-4
9 3.333333333333333E-4
7 3.333333333333333E-4
7 3.333333333333333E-4
5 3.333333333333333E-4
5 3.333333333333333E-4
5 3.333333333333333E-4
21 3.333333333333333E-4
10 3.333333333333333E-4
5 3.333333333333333E-4
5 3.333333333333333E-4
5 3.333333333333333E-4
5 3.333333333333333E-4
21 3.333333333333333E-4
10 3.333333333333333E-4
5 3.333333333333333E-4
5 3.333333333333333E-4
5 3.333333333333333E-4
5 3.333333333333333E-4
21 3.333333333333333E-4
10 3.333333333333333E-4
5 3.333333333333333E-4
70 3.333333333333333E-4
6 3.333333333333333E-4
6 3.333333333333333E-4
6 3.333333333333333E-4
8 3.333333333333333E-4
8 3.333333333333333E-4
8 3.333333333333333E-4
226 3.333333333333333E-4
11 2.8571428571428574E-4
8 2.8571428571428574E-4
13 2.8571428571428574E-4
13 2.8571428571428574E-4
13 2.8571428571428574E-4
13 2.8571428571428574E-4
28 2.8571428571428574E-4
14 2.8571428571428574E-4
14 2.8571428571428574E-4
14 2.8571428571428574E-4
14 2.8571428571428574E-4
14 2.8571428571428574E-4
14 2.8571428571428574E-4
14 2.8571428571428574E-4
16 2.8571428571428574E-4
14 2.8571428571428574E-4
14 2.8571428571428574E-4
8 2.8571428571428574E-4
37 2.8571428571428574E-4
9 2.8571428571428574E-4
15 2.8571428571428574E-4
8 2.8571428571428574E-4
17 2.8571428571428574E-4
17 2.8571428571428574E-4
17 2.8571428571428574E-4
17 2.8571428571428574E-4
17 2.8571428571428574E-4
17 2.8571428571428574E-4
17 2.8571428571428574E-4
19 2.8571428571428574E-4
17 2.8571428571428574E-4
17 2.8571428571428574E-4
14 2.8571428571428574E-4
18 2.8571428571428574E-4
7 2.8571428571428574E-4
7 2.8571428571428574E-4
7 2.8571428571428574E-4
7 2.8571428571428574E-4
7 2.8571428571428574E-4
7 2.8571428571428574E-4
7 2.8571428571428574E-4
9 2.8571428571428574E-4
7 2.8571428571428574E-4
7 2.8571428571428574E-4
7 2.8571428571428574E-4
7 2.8571428571428574E-4
7 2.8571428571428574E-4
7 2.8571428571428574E-4
7 2.8571428571428574E-4
9 2.8571428571428574E-4
7 2.8571428571428574E-4
7 2.8571428571428574E-4
10 2.8571428571428574E-4
10 2.8571428571428574E-4
10 2.8571428571428574E-4
17 2.8571428571428574E-4
7 2.8571428571428574E-4
10 2.8571428571428574E-4
10 2.8571428571428574E-4
10 2.8571428571428574E-4
17 2.8571428571428574E-4
7 2.8571428571428574E-4
10 2.8571428571428574E-4
10 2.8571428571428574E-4
10 2.8571428571428574E-4
17 2.8571428571428574E-4
7 2.8571428571428574E-4
22 2.8571428571428574E-4
66 2.8571428571428574E-4
8 2.8571428571428574E-4
10 2.8571428571428574E-4
10 2.8571428571428574E-4
226 2.8571428571428574E-4
226 2.8571428571428574E-4
226 2.8571428571428574E-4
15 2.5E-4
9 2.5E-4
9 2.5E-4
10 2.5E-4
15 2.5E-4
15 2.5E-4
15 2.5E-4
9 2.5E-4
9 2.5E-4
9 2.5E-4
37 2.5E-4
9 2.5E-4
9 2.5E-4
9 2.5E-4
18 2.5E-4
18 2.5E-4
18 2.5E-4
8 2.5E-4
8 2.5E-4
8 2.5E-4
10 2.5E-4
12 2.5E-4
12 2.5E-4
12 2.5E-4
12 2.5E-4
14 2.5E-4
12 2.5E-4
12 2.5E-4
12 2.5E-4
12 2.5E-4
12 2.5E-4
12 2.5E-4
14 2.5E-4
12 2.5E-4
12 2.5E-4
12 2.5E-4
12 2.5E-4
12 2.5E-4
12 2.5E-4
14 2.5E-4
12 2.5E-4
12 2.5E-4
228 2.5E-4
228 2.5E-4
228 2.5E-4
228 2.5E-4
228 2.5E-4
228 2.5E-4
228 2.5E-4
230 2.5E-4
228 2.5E-4
228 2.5E-4
9 2.5E-4
17 2.2222222222222223E-4
11 2.2222222222222223E-4
11 2.2222222222222223E-4
11 2.2222222222222223E-4
11 2.2222222222222223E-4
11 2.2222222222222223E-4
13 2.2222222222222223E-4
11 2.2222222222222223E-4
11 2.2222222222222223E-4
20 2.2222222222222223E-4
11 2.2222222222222223E-4
10 2.2222222222222223E-4
229 2.2222222222222223E-4
229 2.2222222222222223E-4
229 2.2222222222222223E-4
12 2.0E-4
11 2.0E-4
11 2.0E-4
11 2.0E-4
11 2.0E-4
12 2.0E-4
14 2.0E-4
231 2.0E-4
19 1.8181818181818183E-4
21 1.6666666666666666E-4
15 1.6666666666666666E-4
24 1.6666666666666666E-4
14 1.6666666666666666E-4
235 1.5384615384615385E-4
