1 1.0
1 1.0
2 1.0
2 1.0
2 1.0
1 1.0
1 1.0
3 1.0
3 1.0
3 1.0
1 1.0
1 1.0
3 1.0
3 1.0
3 1.0
1 1.0
1 1.0
1 1.0
1 1.0
1 1.0
5 0.7000000000000001
5 0.7000000000000001
5 0.7000000000000001
5 0.7000000000000001
5 0.7000000000000001
5 0.7000000000000001
5 0.7000000000000001
5 0.7000000000000001
5 0.7000000000000001
5 0.7000000000000001
5 0.7000000000000001
5 0.7000000000000001
4 0.6666666666666666
4 0.6666666666666666
4 0.6666666666666666
4 0.6666666666666666
4 0.6666666666666666
4 0.6666666666666666
4 0.6666666666666666
4 0.6666666666666666
4 0.6666666666666666
4 0.6666666666666666
4 0.6666666666666666
4 0.6666666666666666
4 0.6666666666666666
4 0.6666666666666666
4 0.6666666666666666
4 0.6666666666666666
4 0.6666666666666666
4 0.6666666666666666
3 0.6666666666666666
4 0.6666666666666666
4 0.6666666666666666
4 0.6666666666666666
4 0.6666666666666666
4 0.6666666666666666
4 0.6666666666666666
4 0.6666666666666666
4 0.6666666666666666
4 0.6666666666666666
4 0.6666666666666666
4 0.6666666666666666
4 0.6666666666666666
4 0.6666666666666666
4 0.6666666666666666
4 0.6666666666666666
4 0.6666666666666666
4 0.6666666666666666
4 0.6666666666666666
4 0.6666666666666666
4 0.6666666666666666
4 0.6666666666666666
4 0.6666666666666666
4 0.6666666666666666
4 0.6666666666666666
4 0.6666666666666666
4 0.6666666666666666
4 0.6666666666666666
4 0.6666666666666666
4 0.6666666666666666
8 0.6
8 0.6
8 0.6
2 0.55
3 0.55
2 0.55
3 0.55
2 0.55
3 0.55
2 0.55
3 0.55
2 0.55
2 0.55
2 0.55
2 0.55
2 0.55
2 0.55
1 0.55
2 0.55
2 0.55
2 0.55
2 0.55
1 0.55
2 0.55
2 0.55
2 0.55
3 0.55
2 0.55
3 0.55
3 0.55
3 0.55
6 0.525
6 0.525
6 0.525
6 0.525
6 0.525
6 0.525
4 0.5
3 0.5
5 0.5
7 0.5
8 0.5
7 0.5
7 0.5
6 0.5
4 0.5
3 0.5
2 0.5
4 0.5
6 0.5
7 0.5
6 0.5
6 0.5
5 0.5
3 0.5
3 0.5
2 0.5
4 0.5
6 0.5
7 0.5
6 0.5
6 0.5
5 0.5
3 0.5
4 0.5
3 0.5
5 0.5
7 0.5
8 0.5
7 0.5
7 0.5
6 0.5
4 0.5
3 0.5
3 0.5
3 0.5
3 0.5
3 0.5
3 0.5
2 0.5
5 0.5
5 0.5
4 0.5
5 0.5
5 0.5
5 0.5
5 0.5
5 0.5
5 0.5
5 0.5
7 0.5
6 0.5
7 0.5
7 0.5
7 0.5
3 0.5
3 0.5
3 0.5
3 0.5
3 0.5
3 0.5
2 0.5
6 0.5
6 0.5
5 0.5
6 0.5
6 0.5
6 0.5
6 0.5
6 0.5
6 0.5
6 0.5
6 0.5
5 0.5
6 0.5
6 0.5
6 0.5
2 0.5
2 0.5
2 0.5
2 0.5
2 0.5
2 0.5
1 0.5
6 0.5
6 0.5
5 0.5
6 0.5
6 0.5
6 0.5
6 0.5
6 0.5
6 0.5
6 0.5
6 0.5
5 0.5
6 0.5
6 0.5
6 0.5
5 0.5
5 0.5
5 0.5
2 0.5
1 0.5
3 0.5
5 0.5
6 0.5
5 0.5
5 0.5
4 0.5
2 0.5
2 0.5
1 0.5
3 0.5
5 0.5
6 0.5
3 0.5
14 0.42857142857142855
13 0.42857142857142855
14 0.42857142857142855
14 0.42857142857142855
14 0.42857142857142855
13 0.42857142857142855
12 0.42857142857142855
13 0.42857142857142855
13 0.42857142857142855
13 0.42857142857142855
13 0.42857142857142855
12 0.42857142857142855
13 0.42857142857142855
13 0.42857142857142855
13 0.42857142857142855
14 0.42857142857142855
13 0.42857142857142855
14 0.42857142857142855
14 0.42857142857142855
14 0.42857142857142855
12 0.42857142857142855
11 0.42857142857142855
12 0.42857142857142855
12 0.42857142857142855
12 0.42857142857142855
11 0.42857142857142855
11 0.42857142857142855
10 0.42857142857142855
11 0.42857142857142855
11 0.42857142857142855
11 0.42857142857142855
11 0.42857142857142855
11 0.42857142857142855
11 0.42857142857142855
11 0.42857142857142855
12 0.42857142857142855
11 0.42857142857142855
12 0.42857142857142855
12 0.42857142857142855
12 0.42857142857142855
7 0.42000000000000004
7 0.42000000000000004
7 0.42000000000000004
7 0.42000000000000004
7 0.42000000000000004
7 0.42000000000000004
8 0.42000000000000004
8 0.42000000000000004
7 0.42000000000000004
8 0.42000000000000004
8 0.42000000000000004
8 0.42000000000000004
8 0.42000000000000004
8 0.42000000000000004
8 0.42000000000000004
8 0.42000000000000004
9 0.42000000000000004
8 0.42000000000000004
9 0.42000000000000004
9 0.42000000000000004
9 0.42000000000000004
8 0.42000000000000004
8 0.42000000000000004
7 0.42000000000000004
8 0.42000000000000004
8 0.42000000000000004
8 0.42000000000000004
8 0.42000000000000004
8 0.42000000000000004
8 0.42000000000000004
8 0.42000000000000004
9 0.42000000000000004
8 0.42000000000000004
9 0.42000000000000004
9 0.42000000000000004
9 0.42000000000000004
8 0.42000000000000004
8 0.42000000000000004
7 0.42000000000000004
8 0.42000000000000004
8 0.42000000000000004
8 0.42000000000000004
8 0.42000000000000004
8 0.42000000000000004
8 0.42000000000000004
8 0.42000000000000004
9 0.42000000000000004
8 0.42000000000000004
9 0.42000000000000004
9 0.42000000000000004
