1 1.0
1 1.0
1 1.0
1 1.0
1 1.0
1 1.0
1 1.0
1 1.0
1 1.0
1 1.0
1 1.0
1 1.0
1 1.0
1 1.0
1 1.0
1 1.0
1 1.0
1 1.0
1 1.0
1 1.0
2 0.7000000000000001
2 0.7000000000000001
2 0.7000000000000001
2 0.7000000000000001
2 0.7000000000000001
2 0.7000000000000001
2 0.7000000000000001
2 0.7000000000000001
2 0.7000000000000001
2 0.7000000000000001
2 0.7000000000000001
2 0.7000000000000001
2 0.6666666666666666
2 0.6666666666666666
2 0.6666666666666666
2 0.6666666666666666
2 0.6666666666666666
2 0.6666666666666666
2 0.6666666666666666
2 0.6666666666666666
2 0.6666666666666666
2 0.6666666666666666
2 0.6666666666666666
2 0.6666666666666666
2 0.6666666666666666
2 0.6666666666666666
2 0.6666666666666666
2 0.6666666666666666
2 0.6666666666666666
2 0.6666666666666666
2 0.6666666666666666
2 0.6666666666666666
2 0.6666666666666666
2 0.6666666666666666
2 0.6666666666666666
2 0.6666666666666666
2 0.6666666666666666
2 0.6666666666666666
2 0.6666666666666666
2 0.6666666666666666
2 0.6666666666666666
2 0.6666666666666666
2 0.6666666666666666
2 0.6666666666666666
2 0.6666666666666666
2 0.6666666666666666
2 0.6666666666666666
2 0.6666666666666666
2 0.6666666666666666
2 0.6666666666666666
2 0.6666666666666666
2 0.6666666666666666
2 0.6666666666666666
2 0.6666666666666666
2 0.6666666666666666
2 0.6666666666666666
2 0.6666666666666666
2 0.6666666666666666
2 0.6666666666666666
2 0.6666666666666666
7 0.6
7 0.6
7 0.6
2 0.55
1 0.55
2 0.55
1 0.55
2 0.55
1 0.55
2 0.55
1 0.55
2 0.55
2 0.55
2 0.55
2 0.55
2 0.55
1 0.55
1 0.55
1 0.55
1 0.55
1 0.55
1 0.55
1 0.55
1 0.55
1 0.55
1 0.55
1 0.55
1 0.55
1 0.55
1 0.55
1 0.55
5 0.525
5 0.525
5 0.525
5 0.525
5 0.525
5 0.525
2 0.5
2 0.5
3 0.5
9 0.5
7 0.5
4 0.5
4 0.5
4 0.5
2 0.5
1 0.5
1 0.5
2 0.5
8 0.5
6 0.5
3 0.5
3 0.5
3 0.5
1 0.5
1 0.5
1 0.5
2 0.5
8 0.5
6 0.5
3 0.5
3 0.5
3 0.5
1 0.5
2 0.5
2 0.5
3 0.5
9 0.5
7 0.5
4 0.5
4 0.5
4 0.5
2 0.5
1 0.5
1 0.5
1 0.5
1 0.5
1 0.5
1 0.5
1 0.5
4 0.5
4 0.5
3 0.5
4 0.5
4 0.5
4 0.5
4 0.5
4 0.5
4 0.5
4 0.5
6 0.5
6 0.5
6 0.5
6 0.5
6 0.5
1 0.5
1 0.5
1 0.5
1 0.5
1 0.5
1 0.5
1 0.5
4 0.5
4 0.5
3 0.5
4 0.5
4 0.5
4 0.5
4 0.5
4 0.5
4 0.5
4 0.5
8 0.5
8 0.5
8 0.5
8 0.5
8 0.5
2 0.5
2 0.5
2 0.5
2 0.5
2 0.5
2 0.5
2 0.5
4 0.5
4 0.5
3 0.5
4 0.5
4 0.5
4 0.5
4 0.5
4 0.5
4 0.5
4 0.5
8 0.5
8 0.5
8 0.5
8 0.5
8 0.5
3 0.5
3 0.5
3 0.5
2 0.5
2 0.5
3 0.5
9 0.5
7 0.5
4 0.5
4 0.5
4 0.5
2 0.5
1 0.5
1 0.5
2 0.5
8 0.5
6 0.5
1 0.5
13 0.42857142857142855
13 0.42857142857142855
13 0.42857142857142855
13 0.42857142857142855
13 0.42857142857142855
12 0.42857142857142855
12 0.42857142857142855
12 0.42857142857142855
12 0.42857142857142855
12 0.42857142857142855
12 0.42857142857142855
12 0.42857142857142855
12 0.42857142857142855
12 0.42857142857142855
12 0.42857142857142855
13 0.42857142857142855
13 0.42857142857142855
13 0.42857142857142855
13 0.42857142857142855
13 0.42857142857142855
13 0.42857142857142855
13 0.42857142857142855
13 0.42857142857142855
13 0.42857142857142855
13 0.42857142857142855
10 0.42857142857142855
10 0.42857142857142855
9 0.42857142857142855
10 0.42857142857142855
10 0.42857142857142855
10 0.42857142857142855
10 0.42857142857142855
10 0.42857142857142855
10 0.42857142857142855
10 0.42857142857142855
12 0.42857142857142855
12 0.42857142857142855
12 0.42857142857142855
12 0.42857142857142855
12 0.42857142857142855
7 0.42000000000000004
7 0.42000000000000004
7 0.42000000000000004
4 0.42000000000000004
4 0.42000000000000004
4 0.42000000000000004
5 0.42000000000000004
5 0.42000000000000004
4 0.42000000000000004
5 0.42000000000000004
5 0.42000000000000004
5 0.42000000000000004
5 0.42000000000000004
5 0.42000000000000004
5 0.42000000000000004
5 0.42000000000000004
7 0.42000000000000004
7 0.42000000000000004
7 0.42000000000000004
7 0.42000000000000004
7 0.42000000000000004
5 0.42000000000000004
5 0.42000000000000004
4 0.42000000000000004
5 0.42000000000000004
5 0.42000000000000004
5 0.42000000000000004
5 0.42000000000000004
5 0.42000000000000004
5 0.42000000000000004
5 0.42000000000000004
7 0.42000000000000004
7 0.42000000000000004
7 0.42000000000000004
7 0.42000000000000004
7 0.42000000000000004
5 0.42000000000000004
5 0.42000000000000004
4 0.42000000000000004
5 0.42000000000000004
5 0.42000000000000004
5 0.42000000000000004
5 0.42000000000000004
5 0.42000000000000004
5 0.42000000000000004
5 0.42000000000000004
7 0.42000000000000004
7 0.42000000000000004
7 0.42000000000000004
7 0.42000000000000004
