1 1.0
1 1.0
1 1.0
1 1.0
1 1.0
1 1.0
1 1.0
1 1.0
1 1.0
1 1.0
1 1.0
1 1.0
1 1.0
1 1.0
1 1.0
1 1.0
1 1.0
1 1.0
1 1.0
1 1.0
2 0.7000000000000001
2 0.7000000000000001
2 0.7000000000000001
2 0.7000000000000001
2 0.7000000000000001
2 0.7000000000000001
2 0.7000000000000001
2 0.7000000000000001
2 0.7000000000000001
2 0.7000000000000001
2 0.7000000000000001
2 0.7000000000000001
2 0.6666666666666666
2 0.6666666666666666
2 0.6666666666666666
2 0.6666666666666666
2 0.6666666666666666
2 0.6666666666666666
2 0.6666666666666666
2 0.6666666666666666
2 0.6666666666666666
2 0.6666666666666666
2 0.6666666666666666
2 0.6666666666666666
2 0.6666666666666666
2 0.6666666666666666
2 0.6666666666666666
2 0.6666666666666666
2 0.6666666666666666
2 0.6666666666666666
2 0.6666666666666666
2 0.6666666666666666
2 0.6666666666666666
2 0.6666666666666666
2 0.6666666666666666
2 0.6666666666666666
2 0.6666666666666666
2 0.6666666666666666
2 0.6666666666666666
2 0.6666666666666666
2 0.6666666666666666
2 0.6666666666666666
2 0.6666666666666666
2 0.6666666666666666
2 0.6666666666666666
2 0.6666666666666666
2 0.6666666666666666
2 0.6666666666666666
2 0.6666666666666666
2 0.6666666666666666
2 0.6666666666666666
2 0.6666666666666666
2 0.6666666666666666
2 0.6666666666666666
2 0.6666666666666666
2 0.6666666666666666
2 0.6666666666666666
2 0.6666666666666666
2 0.6666666666666666
2 0.6666666666666666
7 0.6
7 0.6
7 0.6
2 0.55
1 0.55
2 0.55
1 0.55
2 0.55
1 0.55
2 0.55
1 0.55
2 0.55
2 0.55
2 0.55
2 0.55
2 0.55
1 0.55
1 0.55
1 0.55
1 0.55
1 0.55
1 0.55
1 0.55
1 0.55
1 0.55
1 0.55
1 0.55
1 0.55
1 0.55
1 0.55
1 0.55
5 0.525
5 0.525
5 0.525
5 0.525
5 0.525
5 0.525
2 0.5
2 0.5
3 0.5
9 0.5
7 0.5
4 0.5
4 0.5
4 0.5
2 0.5
1 0.5
1 0.5
2 0.5
8 0.5
6 0.5
3 0.5
3 0.5
3 0.5
1 0.5
1 0.5
1 0.5
2 0.5
8 0.5
6 0.5
3 0.5
3 0.5
3 0.5
1 0.5
2 0.5
2 0.5
3 0.5
9 0.5
7 0.5
4 0.5
4 0.5
4 0.5
2 0.5
1 0.5
1 0.5
1 0.5
1 0.5
1 0.5
1 0.5
1 0.5
4 0.5
4 0.5
3 0.5
4 0.5
4 0.5
4 0.5
4 0.5
4 0.5
4 0.5
4 0.5
6 0.5
6 0.5
6 0.5
6 0.5
6 0.5
1 0.5
1 0.5
1 0.5
1 0.5
1 0.5
1 0.5
1 0.5
4 0.5
4 0.5
3 0.5
4 0.5
4 0.5
4 0.5
4 0.5
4 0.5
4 0.5
4 0.5
8 0.5
8 0.5
8 0.5
8 0.5
8 0.5
2 0.5
2 0.5
2 0.5
2 0.5
2 0.5
2 0.5
2 0.5
4 0.5
4 0.5
3 0.5
4 0.5
4 0.5
4 0.5
4 0.5
4 0.5
4 0.5
4 0.5
8 0.5
8 0.5
8 0.5
8 0.5
8 0.5
3 0.5
3 0.5
3 0.5
2 0.5
2 0.5
3 0.5
9 0.5
7 0.5
4 0.5
4 0.5
4 0.5
2 0.5
1 0.5
1 0.5
2 0.5
8 0.5
6 0.5
1 0.5
13 0.42857142857142855
13 0.42857142857142855
13 0.42857142857142855
13 0.42857142857142855
13 0.42857142857142855
12 0.42857142857142855
12 0.42857142857142855
12 0.42857142857142855
12 0.42857142857142855
12 0.42857142857142855
12 0.42857142857142855
12 0.42857142857142855
12 0.42857142857142855
12 0.42857142857142855
12 0.42857142857142855
13 0.42857142857142855
13 0.42857142857142855
13 0.42857142857142855
13 0.42857142857142855
13 0.42857142857142855
13 0.42857142857142855
13 0.42857142857142855
13 0.42857142857142855
13 0.42857142857142855
13 0.42857142857142855
10 0.42857142857142855
10 0.42857142857142855
9 0.42857142857142855
10 0.42857142857142855
10 0.42857142857142855
10 0.42857142857142855
10 0.42857142857142855
10 0.42857142857142855
10 0.42857142857142855
10 0.42857142857142855
12 0.42857142857142855
12 0.42857142857142855
12 0.42857142857142855
12 0.42857142857142855
12 0.42857142857142855
7 0.42000000000000004
7 0.42000000000000004
7 0.42000000000000004
4 0.42000000000000004
4 0.42000000000000004
4 0.42000000000000004
5 0.42000000000000004
5 0.42000000000000004
4 0.42000000000000004
5 0.42000000000000004
5 0.42000000000000004
5 0.42000000000000004
5 0.42000000000000004
5 0.42000000000000004
5 0.42000000000000004
5 0.42000000000000004
7 0.42000000000000004
7 0.42000000000000004
7 0.42000000000000004
7 0.42000000000000004
7 0.42000000000000004
5 0.42000000000000004
5 0.42000000000000004
4 0.42000000000000004
5 0.42000000000000004
5 0.42000000000000004
5 0.42000000000000004
5 0.42000000000000004
5 0.42000000000000004
5 0.42000000000000004
5 0.42000000000000004
7 0.42000000000000004
7 0.42000000000000004
7 0.42000000000000004
7 0.42000000000000004
7 0.42000000000000004
5 0.42000000000000004
5 0.42000000000000004
4 0.42000000000000004
5 0.42000000000000004
5 0.42000000000000004
5 0.42000000000000004
5 0.42000000000000004
5 0.42000000000000004
5 0.42000000000000004
5 0.42000000000000004
7 0.42000000000000004
7 0.42000000000000004
7 0.42000000000000004
7 0.42000000000000004
7 0.42000000000000004
5 0.42000000000000004
5 0.42000000000000004
4 0.42000000000000004
5 0.42000000000000004
5 0.42000000000000004
5 0.42000000000000004
5 0.42000000000000004
5 0.42000000000000004
5 0.42000000000000004
5 0.42000000000000004
7 0.42000000000000004
7 0.42000000000000004
7 0.42000000000000004
7 0.42000000000000004
7 0.42000000000000004
6 0.42000000000000004
6 0.42000000000000004
6 0.42000000000000004
6 0.42000000000000004
6 0.42000000000000004
6 0.42000000000000004
7 0.42000000000000004
7 0.42000000000000004
7 0.42000000000000004
5 0.42000000000000004
5 0.42000000000000004
5 0.42000000000000004
4 0.42000000000000004
4 0.42000000000000004
4 0.42000000000000004
14 0.42000000000000004
14 0.42000000000000004
14 0.42000000000000004
7 0.42000000000000004
7 0.42000000000000004
7 0.42000000000000004
62 0.42000000000000004
62 0.42000000000000004
62 0.42000000000000004
4 0.42000000000000004
4 0.42000000000000004
4 0.42000000000000004
4 0.42000000000000004
4 0.42000000000000004
4 0.42000000000000004
6 0.42000000000000004
6 0.42000000000000004
6 0.42000000000000004
7 0.42000000000000004
7 0.42000000000000004
7 0.42000000000000004
5 0.4
5 0.4
4 0.4
4 0.4
5 0.4
5 0.4
5 0.4
5 0.4
5 0.4
5 0.4
5 0.4
5 0.4
5 0.4
4 0.4
4 0.4
5 0.4
5 0.4
5 0.4
5 0.4
5 0.4
5 0.4
5 0.4
5 0.4
5 0.4
4 0.4
4 0.4
5 0.4
5 0.4
5 0.4
5 0.4
5 0.4
5 0.4
5 0.4
5 0.4
5 0.4
4 0.4
4 0.4
5 0.4
5 0.4
5 0.4
5 0.4
5 0.4
5 0.4
5 0.4
5 0.4
5 0.4
4 0.4
4 0.4
5 0.4
5 0.4
5 0.4
5 0.4
5 0.4
5 0.4
5 0.4
5 0.4
5 0.4
4 0.4
4 0.4
5 0.4
5 0.4
5 0.4
5 0.4
5 0.4
5 0.4
5 0.4
7 0.4
7 0.4
7 0.4
7 0.4
7 0.4
7 0.4
7 0.4
2 0.3666666666666667
2 0.3666666666666667
2 0.3666666666666667
2 0.3666666666666667
2 0.3666666666666667
2 0.3666666666666667
2 0.3666666666666667
2 0.3666666666666667
2 0.3666666666666667
2 0.3666666666666667
2 0.3666666666666667
2 0.3666666666666667
2 0.3666666666666667
2 0.3666666666666667
2 0.3666666666666667
2 0.3666666666666667
2 0.3666666666666667
2 0.3666666666666667
2 0.3666666666666667
2 0.3666666666666667
2 0.3666666666666667
2 0.3666666666666667
2 0.3666666666666667
2 0.3666666666666667
2 0.3666666666666667
2 0.3666666666666667
2 0.3666666666666667
2 0.3666666666666667
2 0.3666666666666667
2 0.3666666666666667
2 0.3666666666666667
6 0.3666666666666667
4 0.3666666666666667
6 0.3666666666666667
4 0.3666666666666667
8 0.35000000000000003
8 0.35000000000000003
7 0.35000000000000003
8 0.35000000000000003
8 0.35000000000000003
8 0.35000000000000003
8 0.35000000000000003
8 0.35000000000000003
8 0.35000000000000003
8 0.35000000000000003
10 0.35000000000000003
10 0.35000000000000003
10 0.35000000000000003
10 0.35000000000000003
10 0.35000000000000003
8 0.35000000000000003
8 0.35000000000000003
7 0.35000000000000003
8 0.35000000000000003
8 0.35000000000000003
8 0.35000000000000003
8 0.35000000000000003
8 0.35000000000000003
8 0.35000000000000003
8 0.35000000000000003
10 0.35000000000000003
10 0.35000000000000003
10 0.35000000000000003
10 0.35000000000000003
10 0.35000000000000003
8 0.35000000000000003
8 0.35000000000000003
8 0.35000000000000003
9 0.35000000000000003
9 0.35000000000000003
9 0.35000000000000003
8 0.35000000000000003
8 0.35000000000000003
8 0.35000000000000003
5 0.35000000000000003
5 0.35000000000000003
5 0.35000000000000003
5 0.3333333333333333
5 0.3333333333333333
5 0.3333333333333333
5 0.3333333333333333
2 0.3333333333333333
2 0.3333333333333333
5 0.3333333333333333
5 0.3333333333333333
5 0.3333333333333333
5 0.3333333333333333
2 0.3333333333333333
2 0.3333333333333333
5 0.3333333333333333
5 0.3333333333333333
5 0.3333333333333333
5 0.3333333333333333
2 0.3333333333333333
2 0.3333333333333333
5 0.3333333333333333
5 0.3333333333333333
5 0.3333333333333333
5 0.3333333333333333
2 0.3333333333333333
2 0.3333333333333333
5 0.3333333333333333
5 0.3333333333333333
5 0.3333333333333333
5 0.3333333333333333
2 0.3333333333333333
2 0.3333333333333333
5 0.3333333333333333
5 0.3333333333333333
5 0.3333333333333333
5 0.3333333333333333
2 0.3333333333333333
2 0.3333333333333333
4 0.3333333333333333
4 0.3333333333333333
4 0.3333333333333333
4 0.3333333333333333
3 0.3333333333333333
3 0.3333333333333333
3 0.3333333333333333
3 0.3333333333333333
3 0.3333333333333333
3 0.3333333333333333
3 0.3333333333333333
9 0.3333333333333333
9 0.3333333333333333
7 0.3333333333333333
7 0.3333333333333333
6 0.3333333333333333
15 0.3333333333333333
7 0.3333333333333333
7 0.3333333333333333
7 0.3333333333333333
7 0.3333333333333333
7 0.3333333333333333
3 0.3333333333333333
7 0.3333333333333333
12 0.3333333333333333
12 0.3333333333333333
12 0.3333333333333333
12 0.3333333333333333
12 0.3333333333333333
3 0.3333333333333333
3 0.3333333333333333
3 0.3333333333333333
3 0.3333333333333333
2 0.3333333333333333
2 0.3333333333333333
2 0.3333333333333333
2 0.3333333333333333
2 0.3333333333333333
2 0.3333333333333333
2 0.3333333333333333
8 0.3333333333333333
8 0.3333333333333333
6 0.3333333333333333
6 0.3333333333333333
5 0.3333333333333333
14 0.3333333333333333
6 0.3333333333333333
6 0.3333333333333333
6 0.3333333333333333
6 0.3333333333333333
6 0.3333333333333333
2 0.3333333333333333
6 0.3333333333333333
11 0.3333333333333333
11 0.3333333333333333
11 0.3333333333333333
11 0.3333333333333333
11 0.3333333333333333
3 0.3333333333333333
3 0.3333333333333333
3 0.3333333333333333
3 0.3333333333333333
2 0.3333333333333333
2 0.3333333333333333
2 0.3333333333333333
2 0.3333333333333333
2 0.3333333333333333
2 0.3333333333333333
2 0.3333333333333333
8 0.3333333333333333
8 0.3333333333333333
6 0.3333333333333333
6 0.3333333333333333
5 0.3333333333333333
14 0.3333333333333333
6 0.3333333333333333
6 0.3333333333333333
6 0.3333333333333333
6 0.3333333333333333
6 0.3333333333333333
2 0.3333333333333333
6 0.3333333333333333
11 0.3333333333333333
11 0.3333333333333333
11 0.3333333333333333
11 0.3333333333333333
11 0.3333333333333333
4 0.3333333333333333
4 0.3333333333333333
4 0.3333333333333333
4 0.3333333333333333
3 0.3333333333333333
3 0.3333333333333333
3 0.3333333333333333
3 0.3333333333333333
3 0.3333333333333333
3 0.3333333333333333
3 0.3333333333333333
9 0.3333333333333333
9 0.3333333333333333
7 0.3333333333333333
7 0.3333333333333333
6 0.3333333333333333
15 0.3333333333333333
7 0.3333333333333333
7 0.3333333333333333
7 0.3333333333333333
7 0.3333333333333333
7 0.3333333333333333
3 0.3333333333333333
7 0.3333333333333333
12 0.3333333333333333
12 0.3333333333333333
12 0.3333333333333333
12 0.3333333333333333
12 0.3333333333333333
8 0.3333333333333333
3 0.3333333333333333
2 0.3333333333333333
2 0.3333333333333333
8 0.3333333333333333
5 0.3333333333333333
5 0.3333333333333333
5 0.3333333333333333
5 0.3333333333333333
5 0.3333333333333333
8 0.3333333333333333
3 0.3333333333333333
3 0.3333333333333333
3 0.3333333333333333
10 0.3333333333333333
7 0.3333333333333333
7 0.3333333333333333
7 0.3333333333333333
7 0.3333333333333333
7 0.3333333333333333
12 0.3333333333333333
4 0.3333333333333333
3 0.3333333333333333
3 0.3333333333333333
10 0.3333333333333333
7 0.3333333333333333
7 0.3333333333333333
7 0.3333333333333333
7 0.3333333333333333
7 0.3333333333333333
6 0.3333333333333333
6 0.3333333333333333
5 0.3333333333333333
2 0.3333333333333333
6 0.3333333333333333
6 0.3333333333333333
6 0.3333333333333333
6 0.3333333333333333
6 0.3333333333333333
6 0.3333333333333333
6 0.3333333333333333
4 0.3333333333333333
4 0.3333333333333333
4 0.3333333333333333
4 0.3333333333333333
3 0.3333333333333333
3 0.3333333333333333
3 0.3333333333333333
3 0.3333333333333333
3 0.3333333333333333
3 0.3333333333333333
3 0.3333333333333333
9 0.3333333333333333
9 0.3333333333333333
7 0.3333333333333333
7 0.3333333333333333
6 0.3333333333333333
15 0.3333333333333333
7 0.3333333333333333
7 0.3333333333333333
7 0.3333333333333333
7 0.3333333333333333
7 0.3333333333333333
3 0.3333333333333333
7 0.3333333333333333
12 0.3333333333333333
12 0.3333333333333333
12 0.3333333333333333
12 0.3333333333333333
12 0.3333333333333333
3 0.3333333333333333
3 0.3333333333333333
3 0.3333333333333333
3 0.3333333333333333
9 0.3333333333333333
8 0.3333333333333333
8 0.3333333333333333
14 0.3333333333333333
11 0.3333333333333333
11 0.3333333333333333
11 0.3333333333333333
11 0.3333333333333333
11 0.3333333333333333
10 0.3
10 0.3
9 0.3
10 0.3
10 0.3
10 0.3
10 0.3
10 0.3
10 0.3
10 0.3
12 0.3
12 0.3
12 0.3
12 0.3
12 0.3
9 0.3
9 0.3
9 0.3
9 0.3
9 0.3
9 0.3
9 0.3
9 0.3
9 0.3
9 0.3
9 0.3
8 0.3
9 0.3
9 0.3
9 0.3
9 0.3
9 0.3
9 0.3
9 0.3
11 0.3
11 0.3
11 0.3
11 0.3
11 0.3
9 0.3
9 0.3
8 0.3
9 0.3
9 0.3
9 0.3
9 0.3
9 0.3
9 0.3
9 0.3
11 0.3
11 0.3
11 0.3
11 0.3
11 0.3
16 0.3
16 0.3
16 0.3
16 0.3
16 0.3
16 0.3
15 0.3
15 0.3
15 0.3
15 0.3
15 0.3
15 0.3
15 0.3
15 0.3
15 0.3
15 0.3
15 0.3
15 0.3
16 0.3
16 0.3
16 0.3
16 0.3
16 0.3
16 0.3
10 0.3
10 0.3
9 0.3
10 0.3
10 0.3
10 0.3
10 0.3
10 0.3
10 0.3
10 0.3
12 0.3
12 0.3
12 0.3
12 0.3
12 0.3
6 0.3
6 0.3
6 0.3
6 0.3
6 0.3
6 0.3
8 0.3
8 0.3
7 0.3
8 0.3
8 0.3
8 0.3
8 0.3
8 0.3
8 0.3
8 0.3
7 0.3
7 0.3
6 0.3
7 0.3
7 0.3
7 0.3
7 0.3
7 0.3
7 0.3
7 0.3
17 0.3
17 0.3
16 0.3
17 0.3
17 0.3
17 0.3
17 0.3
17 0.3
17 0.3
17 0.3
19 0.3
19 0.3
19 0.3
19 0.3
19 0.3
6 0.3
6 0.3
6 0.3
10 0.3
10 0.3
9 0.3
10 0.3
10 0.3
10 0.3
10 0.3
10 0.3
10 0.3
10 0.3
12 0.3
12 0.3
12 0.3
12 0.3
12 0.3
65 0.3
65 0.3
64 0.3
65 0.3
65 0.3
65 0.3
65 0.3
65 0.3
65 0.3
65 0.3
67 0.3
67 0.3
67 0.3
67 0.3
67 0.3
9 0.3
9 0.3
9 0.3
7 0.3
7 0.3
6 0.3
7 0.3
7 0.3
7 0.3
7 0.3
7 0.3
7 0.3
7 0.3
7 0.3
7 0.3
6 0.3
7 0.3
7 0.3
7 0.3
7 0.3
7 0.3
7 0.3
7 0.3
9 0.3
9 0.3
8 0.3
9 0.3
9 0.3
9 0.3
9 0.3
9 0.3
9 0.3
9 0.3
11 0.3
11 0.3
11 0.3
11 0.3
11 0.3
10 0.3
10 0.3
9 0.3
10 0.3
10 0.3
10 0.3
10 0.3
10 0.3
10 0.3
10 0.3
12 0.3
12 0.3
12 0.3
