1 1.0
1 1.0
2 1.0
2 1.0
2 1.0
1 1.0
1 1.0
3 1.0
3 1.0
3 1.0
1 1.0
1 1.0
3 1.0
3 1.0
3 1.0
1 1.0
1 1.0
1 1.0
1 1.0
1 1.0
5 0.7000000000000001
5 0.7000000000000001
5 0.7000000000000001
5 0.7000000000000001
5 0.7000000000000001
5 0.7000000000000001
5 0.7000000000000001
5 0.7000000000000001
5 0.7000000000000001
5 0.7000000000000001
5 0.7000000000000001
5 0.7000000000000001
4 0.6666666666666666
4 0.6666666666666666
4 0.6666666666666666
4 0.6666666666666666
4 0.6666666666666666
4 0.6666666666666666
4 0.6666666666666666
4 0.6666666666666666
4 0.6666666666666666
4 0.6666666666666666
4 0.6666666666666666
4 0.6666666666666666
4 0.6666666666666666
4 0.6666666666666666
4 0.6666666666666666
4 0.6666666666666666
4 0.6666666666666666
4 0.6666666666666666
3 0.6666666666666666
4 0.6666666666666666
4 0.6666666666666666
4 0.6666666666666666
4 0.6666666666666666
4 0.6666666666666666
4 0.6666666666666666
4 0.6666666666666666
4 0.6666666666666666
4 0.6666666666666666
4 0.6666666666666666
4 0.6666666666666666
4 0.6666666666666666
4 0.6666666666666666
4 0.6666666666666666
4 0.6666666666666666
4 0.6666666666666666
4 0.6666666666666666
4 0.6666666666666666
4 0.6666666666666666
4 0.6666666666666666
4 0.6666666666666666
4 0.6666666666666666
4 0.6666666666666666
4 0.6666666666666666
4 0.6666666666666666
4 0.6666666666666666
4 0.6666666666666666
4 0.6666666666666666
4 0.6666666666666666
8 0.6
8 0.6
8 0.6
2 0.55
3 0.55
2 0.55
3 0.55
2 0.55
3 0.55
2 0.55
3 0.55
2 0.55
2 0.55
2 0.55
2 0.55
2 0.55
2 0.55
1 0.55
2 0.55
2 0.55
2 0.55
2 0.55
1 0.55
2 0.55
2 0.55
2 0.55
3 0.55
2 0.55
3 0.55
3 0.55
3 0.55
6 0.525
6 0.525
6 0.525
6 0.525
6 0.525
6 0.525
4 0.5
3 0.5
5 0.5
7 0.5
8 0.5
7 0.5
7 0.5
6 0.5
4 0.5
3 0.5
2 0.5
4 0.5
6 0.5
7 0.5
6 0.5
6 0.5
5 0.5
3 0.5
3 0.5
2 0.5
4 0.5
6 0.5
7 0.5
6 0.5
6 0.5
5 0.5
3 0.5
4 0.5
3 0.5
5 0.5
7 0.5
8 0.5
7 0.5
7 0.5
6 0.5
4 0.5
3 0.5
3 0.5
3 0.5
3 0.5
3 0.5
3 0.5
2 0.5
5 0.5
5 0.5
4 0.5
5 0.5
5 0.5
5 0.5
5 0.5
5 0.5
5 0.5
5 0.5
7 0.5
6 0.5
7 0.5
7 0.5
7 0.5
3 0.5
3 0.5
3 0.5
3 0.5
3 0.5
3 0.5
2 0.5
6 0.5
6 0.5
5 0.5
6 0.5
6 0.5
6 0.5
6 0.5
6 0.5
6 0.5
6 0.5
6 0.5
5 0.5
6 0.5
6 0.5
6 0.5
2 0.5
2 0.5
2 0.5
2 0.5
2 0.5
2 0.5
1 0.5
6 0.5
6 0.5
5 0.5
6 0.5
6 0.5
6 0.5
6 0.5
6 0.5
6 0.5
6 0.5
6 0.5
5 0.5
6 0.5
6 0.5
6 0.5
5 0.5
5 0.5
5 0.5
2 0.5
1 0.5
3 0.5
5 0.5
6 0.5
5 0.5
5 0.5
4 0.5
2 0.5
2 0.5
1 0.5
3 0.5
5 0.5
6 0.5
3 0.5
14 0.42857142857142855
13 0.42857142857142855
14 0.42857142857142855
14 0.42857142857142855
14 0.42857142857142855
13 0.42857142857142855
12 0.42857142857142855
13 0.42857142857142855
13 0.42857142857142855
13 0.42857142857142855
13 0.42857142857142855
12 0.42857142857142855
13 0.42857142857142855
13 0.42857142857142855
13 0.42857142857142855
14 0.42857142857142855
13 0.42857142857142855
14 0.42857142857142855
14 0.42857142857142855
14 0.42857142857142855
12 0.42857142857142855
11 0.42857142857142855
12 0.42857142857142855
12 0.42857142857142855
12 0.42857142857142855
11 0.42857142857142855
11 0.42857142857142855
10 0.42857142857142855
11 0.42857142857142855
11 0.42857142857142855
11 0.42857142857142855
11 0.42857142857142855
11 0.42857142857142855
11 0.42857142857142855
11 0.42857142857142855
12 0.42857142857142855
11 0.42857142857142855
12 0.42857142857142855
12 0.42857142857142855
12 0.42857142857142855
7 0.42000000000000004
7 0.42000000000000004
7 0.42000000000000004
7 0.42000000000000004
7 0.42000000000000004
7 0.42000000000000004
8 0.42000000000000004
8 0.42000000000000004
7 0.42000000000000004
8 0.42000000000000004
8 0.42000000000000004
8 0.42000000000000004
8 0.42000000000000004
8 0.42000000000000004
8 0.42000000000000004
8 0.42000000000000004
9 0.42000000000000004
8 0.42000000000000004
9 0.42000000000000004
9 0.42000000000000004
9 0.42000000000000004
8 0.42000000000000004
8 0.42000000000000004
7 0.42000000000000004
8 0.42000000000000004
8 0.42000000000000004
8 0.42000000000000004
8 0.42000000000000004
8 0.42000000000000004
8 0.42000000000000004
8 0.42000000000000004
9 0.42000000000000004
8 0.42000000000000004
9 0.42000000000000004
9 0.42000000000000004
9 0.42000000000000004
8 0.42000000000000004
8 0.42000000000000004
7 0.42000000000000004
8 0.42000000000000004
8 0.42000000000000004
8 0.42000000000000004
8 0.42000000000000004
8 0.42000000000000004
8 0.42000000000000004
8 0.42000000000000004
9 0.42000000000000004
8 0.42000000000000004
9 0.42000000000000004
9 0.42000000000000004
9 0.42000000000000004
8 0.42000000000000004
8 0.42000000000000004
7 0.42000000000000004
8 0.42000000000000004
8 0.42000000000000004
8 0.42000000000000004
8 0.42000000000000004
8 0.42000000000000004
8 0.42000000000000004
8 0.42000000000000004
9 0.42000000000000004
8 0.42000000000000004
9 0.42000000000000004
9 0.42000000000000004
9 0.42000000000000004
7 0.42000000000000004
7 0.42000000000000004
7 0.42000000000000004
7 0.42000000000000004
7 0.42000000000000004
7 0.42000000000000004
8 0.42000000000000004
8 0.42000000000000004
8 0.42000000000000004
5 0.42000000000000004
5 0.42000000000000004
5 0.42000000000000004
6 0.42000000000000004
6 0.42000000000000004
6 0.42000000000000004
6 0.42000000000000004
6 0.42000000000000004
6 0.42000000000000004
8 0.42000000000000004
8 0.42000000000000004
8 0.42000000000000004
6 0.42000000000000004
6 0.42000000000000004
6 0.42000000000000004
6 0.42000000000000004
6 0.42000000000000004
6 0.42000000000000004
7 0.42000000000000004
7 0.42000000000000004
7 0.42000000000000004
7 0.42000000000000004
7 0.42000000000000004
7 0.42000000000000004
9 0.42000000000000004
9 0.42000000000000004
9 0.42000000000000004
8 0.4
8 0.4
7 0.4
7 0.4
8 0.4
8 0.4
8 0.4
8 0.4
8 0.4
8 0.4
8 0.4
8 0.4
8 0.4
7 0.4
7 0.4
8 0.4
8 0.4
8 0.4
8 0.4
8 0.4
8 0.4
8 0.4
8 0.4
8 0.4
7 0.4
7 0.4
8 0.4
8 0.4
8 0.4
8 0.4
8 0.4
8 0.4
8 0.4
8 0.4
8 0.4
7 0.4
7 0.4
8 0.4
8 0.4
8 0.4
8 0.4
8 0.4
8 0.4
8 0.4
8 0.4
8 0.4
7 0.4
7 0.4
8 0.4
8 0.4
8 0.4
8 0.4
8 0.4
8 0.4
8 0.4
8 0.4
8 0.4
7 0.4
7 0.4
8 0.4
8 0.4
8 0.4
8 0.4
8 0.4
8 0.4
8 0.4
8 0.4
8 0.4
8 0.4
8 0.4
8 0.4
8 0.4
7 0.4
3 0.3666666666666667
3 0.3666666666666667
3 0.3666666666666667
5 0.3666666666666667
5 0.3666666666666667
5 0.3666666666666667
5 0.3666666666666667
5 0.3666666666666667
5 0.3666666666666667
4 0.3666666666666667
5 0.3666666666666667
5 0.3666666666666667
5 0.3666666666666667
5 0.3666666666666667
5 0.3666666666666667
5 0.3666666666666667
4 0.3666666666666667
5 0.3666666666666667
5 0.3666666666666667
5 0.3666666666666667
5 0.3666666666666667
5 0.3666666666666667
5 0.3666666666666667
4 0.3666666666666667
5 0.3666666666666667
5 0.3666666666666667
5 0.3666666666666667
5 0.3666666666666667
5 0.3666666666666667
5 0.3666666666666667
4 0.3666666666666667
3 0.3666666666666667
4 0.3666666666666667
3 0.3666666666666667
4 0.3666666666666667
9 0.35000000000000003
9 0.35000000000000003
8 0.35000000000000003
9 0.35000000000000003
9 0.35000000000000003
9 0.35000000000000003
9 0.35000000000000003
9 0.35000000000000003
9 0.35000000000000003
9 0.35000000000000003
10 0.35000000000000003
9 0.35000000000000003
10 0.35000000000000003
10 0.35000000000000003
10 0.35000000000000003
9 0.35000000000000003
9 0.35000000000000003
8 0.35000000000000003
9 0.35000000000000003
9 0.35000000000000003
9 0.35000000000000003
9 0.35000000000000003
9 0.35000000000000003
9 0.35000000000000003
9 0.35000000000000003
10 0.35000000000000003
9 0.35000000000000003
10 0.35000000000000003
10 0.35000000000000003
10 0.35000000000000003
10 0.35000000000000003
10 0.35000000000000003
10 0.35000000000000003
9 0.35000000000000003
9 0.35000000000000003
9 0.35000000000000003
10 0.35000000000000003
10 0.35000000000000003
10 0.35000000000000003
9 0.35000000000000003
9 0.35000000000000003
9 0.35000000000000003
8 0.3333333333333333
8 0.3333333333333333
8 0.3333333333333333
8 0.3333333333333333
4 0.3333333333333333
4 0.3333333333333333
8 0.3333333333333333
8 0.3333333333333333
8 0.3333333333333333
8 0.3333333333333333
3 0.3333333333333333
3 0.3333333333333333
8 0.3333333333333333
8 0.3333333333333333
8 0.3333333333333333
8 0.3333333333333333
4 0.3333333333333333
4 0.3333333333333333
7 0.3333333333333333
7 0.3333333333333333
7 0.3333333333333333
7 0.3333333333333333
4 0.3333333333333333
4 0.3333333333333333
8 0.3333333333333333
8 0.3333333333333333
8 0.3333333333333333
8 0.3333333333333333
4 0.3333333333333333
4 0.3333333333333333
8 0.3333333333333333
8 0.3333333333333333
8 0.3333333333333333
8 0.3333333333333333
4 0.3333333333333333
4 0.3333333333333333
7 0.3333333333333333
7 0.3333333333333333
7 0.3333333333333333
7 0.3333333333333333
5 0.3333333333333333
5 0.3333333333333333
5 0.3333333333333333
5 0.3333333333333333
4 0.3333333333333333
4 0.3333333333333333
5 0.3333333333333333
11 0.3333333333333333
11 0.3333333333333333
11 0.3333333333333333
11 0.3333333333333333
10 0.3333333333333333
17 0.3333333333333333
11 0.3333333333333333
11 0.3333333333333333
11 0.3333333333333333
11 0.3333333333333333
11 0.3333333333333333
4 0.3333333333333333
11 0.3333333333333333
12 0.3333333333333333
12 0.3333333333333333
12 0.3333333333333333
12 0.3333333333333333
12 0.3333333333333333
6 0.3333333333333333
6 0.3333333333333333
6 0.3333333333333333
6 0.3333333333333333
4 0.3333333333333333
4 0.3333333333333333
4 0.3333333333333333
4 0.3333333333333333
3 0.3333333333333333
3 0.3333333333333333
4 0.3333333333333333
10 0.3333333333333333
10 0.3333333333333333
10 0.3333333333333333
10 0.3333333333333333
9 0.3333333333333333
16 0.3333333333333333
10 0.3333333333333333
10 0.3333333333333333
10 0.3333333333333333
10 0.3333333333333333
10 0.3333333333333333
3 0.3333333333333333
10 0.3333333333333333
11 0.3333333333333333
11 0.3333333333333333
11 0.3333333333333333
11 0.3333333333333333
11 0.3333333333333333
6 0.3333333333333333
6 0.3333333333333333
6 0.3333333333333333
6 0.3333333333333333
4 0.3333333333333333
4 0.3333333333333333
4 0.3333333333333333
4 0.3333333333333333
3 0.3333333333333333
3 0.3333333333333333
4 0.3333333333333333
10 0.3333333333333333
10 0.3333333333333333
10 0.3333333333333333
10 0.3333333333333333
9 0.3333333333333333
16 0.3333333333333333
10 0.3333333333333333
10 0.3333333333333333
10 0.3333333333333333
10 0.3333333333333333
10 0.3333333333333333
3 0.3333333333333333
10 0.3333333333333333
11 0.3333333333333333
11 0.3333333333333333
11 0.3333333333333333
11 0.3333333333333333
11 0.3333333333333333
7 0.3333333333333333
7 0.3333333333333333
7 0.3333333333333333
7 0.3333333333333333
5 0.3333333333333333
5 0.3333333333333333
5 0.3333333333333333
5 0.3333333333333333
4 0.3333333333333333
4 0.3333333333333333
5 0.3333333333333333
11 0.3333333333333333
11 0.3333333333333333
11 0.3333333333333333
11 0.3333333333333333
10 0.3333333333333333
17 0.3333333333333333
11 0.3333333333333333
11 0.3333333333333333
11 0.3333333333333333
11 0.3333333333333333
11 0.3333333333333333
4 0.3333333333333333
11 0.3333333333333333
12 0.3333333333333333
12 0.3333333333333333
12 0.3333333333333333
12 0.3333333333333333
12 0.3333333333333333
4 0.3333333333333333
6 0.3333333333333333
4 0.3333333333333333
4 0.3333333333333333
10 0.3333333333333333
5 0.3333333333333333
5 0.3333333333333333
5 0.3333333333333333
5 0.3333333333333333
5 0.3333333333333333
4 0.3333333333333333
6 0.3333333333333333
3 0.3333333333333333
3 0.3333333333333333
9 0.3333333333333333
4 0.3333333333333333
4 0.3333333333333333
4 0.3333333333333333
4 0.3333333333333333
4 0.3333333333333333
3 0.3333333333333333
5 0.3333333333333333
3 0.3333333333333333
3 0.3333333333333333
9 0.3333333333333333
4 0.3333333333333333
4 0.3333333333333333
4 0.3333333333333333
4 0.3333333333333333
4 0.3333333333333333
9 0.3333333333333333
9 0.3333333333333333
8 0.3333333333333333
4 0.3333333333333333
9 0.3333333333333333
9 0.3333333333333333
9 0.3333333333333333
9 0.3333333333333333
9 0.3333333333333333
9 0.3333333333333333
9 0.3333333333333333
5 0.3333333333333333
5 0.3333333333333333
5 0.3333333333333333
5 0.3333333333333333
3 0.3333333333333333
3 0.3333333333333333
3 0.3333333333333333
3 0.3333333333333333
2 0.3333333333333333
2 0.3333333333333333
3 0.3333333333333333
9 0.3333333333333333
9 0.3333333333333333
9 0.3333333333333333
9 0.3333333333333333
8 0.3333333333333333
15 0.3333333333333333
9 0.3333333333333333
9 0.3333333333333333
9 0.3333333333333333
9 0.3333333333333333
9 0.3333333333333333
2 0.3333333333333333
9 0.3333333333333333
10 0.3333333333333333
10 0.3333333333333333
10 0.3333333333333333
10 0.3333333333333333
10 0.3333333333333333
5 0.3333333333333333
5 0.3333333333333333
5 0.3333333333333333
5 0.3333333333333333
11 0.3333333333333333
9 0.3333333333333333
9 0.3333333333333333
15 0.3333333333333333
10 0.3333333333333333
10 0.3333333333333333
10 0.3333333333333333
10 0.3333333333333333
10 0.3333333333333333
10 0.3
10 0.3
9 0.3
10 0.3
10 0.3
10 0.3
10 0.3
10 0.3
10 0.3
10 0.3
11 0.3
10 0.3
11 0.3
11 0.3
11 0.3
11 0.3
10 0.3
11 0.3
11 0.3
11 0.3
12 0.3
12 0.3
12 0.3
12 0.3
10 0.3
10 0.3
9 0.3
10 0.3
10 0.3
10 0.3
10 0.3
10 0.3
10 0.3
10 0.3
11 0.3
10 0.3
11 0.3
11 0.3
11 0.3
10 0.3
10 0.3
9 0.3
10 0.3
10 0.3
10 0.3
10 0.3
10 0.3
10 0.3
10 0.3
11 0.3
10 0.3
11 0.3
11 0.3
11 0.3
18 0.3
18 0.3
18 0.3
18 0.3
18 0.3
18 0.3
17 0.3
17 0.3
17 0.3
17 0.3
17 0.3
17 0.3
17 0.3
17 0.3
17 0.3
17 0.3
17 0.3
17 0.3
18 0.3
18 0.3
18 0.3
18 0.3
18 0.3
18 0.3
11 0.3
11 0.3
10 0.3
11 0.3
11 0.3
11 0.3
11 0.3
11 0.3
11 0.3
11 0.3
12 0.3
11 0.3
12 0.3
12 0.3
12 0.3
9 0.3
9 0.3
9 0.3
9 0.3
9 0.3
9 0.3
8 0.3
8 0.3
7 0.3
8 0.3
8 0.3
8 0.3
8 0.3
8 0.3
8 0.3
8 0.3
10 0.3
10 0.3
9 0.3
10 0.3
10 0.3
10 0.3
10 0.3
10 0.3
10 0.3
10 0.3
9 0.3
9 0.3
8 0.3
9 0.3
9 0.3
9 0.3
9 0.3
9 0.3
9 0.3
9 0.3
10 0.3
9 0.3
10 0.3
10 0.3
10 0.3
9 0.3
9 0.3
9 0.3
11 0.3
11 0.3
10 0.3
11 0.3
11 0.3
11 0.3
11 0.3
11 0.3
11 0.3
11 0.3
12 0.3
11 0.3
12 0.3
12 0.3
12 0.3
9 0.3
9 0.3
8 0.3
9 0.3
9 0.3
9 0.3
9 0.3
9 0.3
9 0.3
9 0.3
10 0.3
9 0.3
10 0.3
10 0.3
10 0.3
11 0.3
11 0.3
11 0.3
10 0.3
10 0.3
9 0.3
10 0.3
10 0.3
10 0.3
10 0.3
10 0.3
10 0.3
10 0.3
11 0.3
11 0.3
10 0.3
11 0.3
11 0.3
11 0.3
11 0.3
11 0.3
11 0.3
11 0.3
10 0.3
10 0.3
9 0.3
10 0.3
10 0.3
10 0.3
10 0.3
10 0.3
10 0.3
10 0.3
11 0.3
10 0.3
11 0.3
11 0.3
11 0.3
12 0.3
12 0.3
11 0.3
12 0.3
12 0.3
12 0.3
12 0.3
12 0.3
12 0.3
12 0.3
13 0.3
12 0.3
13 0.3
13 0.3
13 0.3
8 0.3
8 0.3
8 0.3
16 0.3
16 0.3
16 0.3
16 0.3
16 0.3
16 0.3
16 0.3
16 0.3
16 0.3
16 0.3
16 0.3
16 0.3
12 0.2857142857142857
14 0.2857142857142857
11 0.2857142857142857
13 0.2857142857142857
11 0.2857142857142857
13 0.2857142857142857
12 0.2857142857142857
14 0.2857142857142857
11 0.2857142857142857
11 0.2857142857142857
11 0.2857142857142857
11 0.2857142857142857
11 0.2857142857142857
11 0.2857142857142857
10 0.2857142857142857
10 0.2857142857142857
10 0.2857142857142857
10 0.2857142857142857
10 0.2857142857142857
10 0.2857142857142857
10 0.2857142857142857
10 0.2857142857142857
10 0.2857142857142857
10 0.2857142857142857
10 0.2857142857142857
10 0.2857142857142857
10 0.2857142857142857
12 0.2857142857142857
10 0.2857142857142857
12 0.2857142857142857
5 0.275
4 0.275
5 0.275
4 0.275
6 0.275
8 0.275
6 0.275
6 0.275
7 0.275
7 0.275
7 0.275
7 0.275
7 0.275
6 0.275
8 0.275
6 0.275
6 0.275
7 0.275
7 0.275
7 0.275
7 0.275
7 0.275
6 0.275
8 0.275
6 0.275
6 0.275
7 0.275
7 0.275
7 0.275
7 0.275
7 0.275
6 0.275
8 0.275
6 0.275
6 0.275
7 0.275
7 0.275
7 0.275
7 0.275
7 0.275
4 0.275
5 0.275
4 0.275
5 0.275
6 0.275
6 0.275
6 0.275
6 0.275
6 0.275
6 0.275
5 0.275
6 0.275
6 0.275
6 0.275
6 0.275
6 0.275
6 0.275
5 0.275
5 0.275
6 0.275
5 0.275
5 0.275
4 0.275
5 0.275
5 0.275
5 0.275
4 0.275
5 0.275
5 0.275
5 0.275
5 0.275
4 0.275
5 0.275
5 0.275
5 0.275
5 0.275
5 0.275
4 0.275
5 0.275
5 0.275
5 0.275
5 0.275
4 0.275
3 0.275
5 0.275
5 0.275
5 0.275
4 0.275
5 0.275
5 0.275
6 0.275
6 0.275
6 0.275
5 0.275
6 0.275
6 0.275
4 0.275
3 0.275
5 0.275
6 0.275
5 0.275
4 0.275
6 0.275
7 0.275
5 0.275
5 0.275
5 0.275
5 0.275
5 0.275
13 0.2625
13 0.2625
13 0.2625
13 0.2625
13 0.2625
13 0.2625
13 0.2625
13 0.2625
13 0.2625
13 0.2625
13 0.2625
13 0.2625
13 0.2625
13 0.2625
13 0.2625
13 0.2625
13 0.2625
13 0.2625
13 0.2625
13 0.2625
13 0.2625
13 0.2625
13 0.2625
13 0.2625
11 0.2625
11 0.2625
11 0.2625
13 0.2625
13 0.2625
10 0.2625
10 0.2625
10 0.2625
13 0.2625
13 0.2625
13 0.2625
10 0.2625
10 0.2625
10 0.2625
14 0.2625
13 0.2625
14 0.2625
14 0.2625
14 0.2625
11 0.2625
11 0.2625
11 0.2625
13 0.2625
12 0.2625
13 0.2625
13 0.2625
13 0.2625
10 0.2625
10 0.2625
10 0.2625
14 0.2625
13 0.2625
14 0.2625
14 0.2625
14 0.2625
13 0.2625
12 0.2625
13 0.2625
13 0.2625
13 0.2625
14 0.25
6 0.25
14 0.25
13 0.25
8 0.25
7 0.25
13 0.25
13 0.25
13 0.25
5 0.25
13 0.25
12 0.25
7 0.25
6 0.25
12 0.25
12 0.25
13 0.25
5 0.25
13 0.25
12 0.25
7 0.25
6 0.25
12 0.25
12 0.25
14 0.25
6 0.25
14 0.25
13 0.25
8 0.25
7 0.25
13 0.25
13 0.25
7 0.25
7 0.25
7 0.25
7 0.25
5 0.25
5 0.25
5 0.25
5 0.25
7 0.25
7 0.25
7 0.25
6 0.25
5 0.25
5 0.25
5 0.25
5 0.25
6 0.25
6 0.25
6 0.25
6 0.25
4 0.25
4 0.25
4 0.25
4 0.25
5 0.25
5 0.25
5 0.25
5 0.25
5 0.25
5 0.25
12 0.25
4 0.25
12 0.25
11 0.25
6 0.25
5 0.25
11 0.25
11 0.25
12 0.25
5 0.25
12 0.25
11 0.25
6 0.25
11 0.25
11 0.25
13 0.25
14 0.25
14 0.25
14 0.23333333333333334
14 0.23333333333333334
14 0.23333333333333334
14 0.23333333333333334
14 0.23333333333333334
14 0.23333333333333334
14 0.23333333333333334
14 0.23333333333333334
14 0.23333333333333334
14 0.23333333333333334
14 0.23333333333333334
14 0.23333333333333334
14 0.23333333333333334
14 0.23333333333333334
14 0.23333333333333334
14 0.23333333333333334
15 0.23333333333333334
12 0.23333333333333334
12 0.23333333333333334
12 0.23333333333333334
13 0.23333333333333334
13 0.23333333333333334
12 0.23333333333333334
13 0.23333333333333334
13 0.23333333333333334
13 0.23333333333333334
13 0.23333333333333334
13 0.23333333333333334
