1 1.0
1 1.0
2 1.0
2 1.0
2 1.0
1 1.0
1 1.0
3 1.0
3 1.0
3 1.0
1 1.0
1 1.0
3 1.0
3 1.0
3 1.0
1 1.0
1 1.0
1 1.0
1 1.0
1 1.0
5 0.7000000000000001
5 0.7000000000000001
5 0.7000000000000001
5 0.7000000000000001
5 0.7000000000000001
5 0.7000000000000001
5 0.7000000000000001
5 0.7000000000000001
5 0.7000000000000001
5 0.7000000000000001
5 0.7000000000000001
5 0.7000000000000001
4 0.6666666666666666
4 0.6666666666666666
4 0.6666666666666666
4 0.6666666666666666
4 0.6666666666666666
4 0.6666666666666666
4 0.6666666666666666
4 0.6666666666666666
4 0.6666666666666666
4 0.6666666666666666
4 0.6666666666666666
4 0.6666666666666666
4 0.6666666666666666
4 0.6666666666666666
4 0.6666666666666666
4 0.6666666666666666
4 0.6666666666666666
4 0.6666666666666666
3 0.6666666666666666
4 0.6666666666666666
4 0.6666666666666666
4 0.6666666666666666
4 0.6666666666666666
4 0.6666666666666666
4 0.6666666666666666
4 0.6666666666666666
4 0.6666666666666666
4 0.6666666666666666
4 0.6666666666666666
4 0.6666666666666666
4 0.6666666666666666
4 0.6666666666666666
4 0.6666666666666666
4 0.6666666666666666
4 0.6666666666666666
4 0.6666666666666666
4 0.6666666666666666
4 0.6666666666666666
4 0.6666666666666666
4 0.6666666666666666
4 0.6666666666666666
4 0.6666666666666666
4 0.6666666666666666
4 0.6666666666666666
4 0.6666666666666666
4 0.6666666666666666
4 0.6666666666666666
4 0.6666666666666666
8 0.6
8 0.6
8 0.6
2 0.55
3 0.55
2 0.55
3 0.55
2 0.55
3 0.55
2 0.55
3 0.55
2 0.55
2 0.55
2 0.55
2 0.55
2 0.55
2 0.55
1 0.55
2 0.55
2 0.55
2 0.55
2 0.55
1 0.55
2 0.55
2 0.55
2 0.55
3 0.55
2 0.55
3 0.55
3 0.55
3 0.55
6 0.525
6 0.525
6 0.525
6 0.525
6 0.525
6 0.525
4 0.5
3 0.5
5 0.5
7 0.5
8 0.5
7 0.5
7 0.5
6 0.5
4 0.5
3 0.5
2 0.5
4 0.5
6 0.5
7 0.5
6 0.5
6 0.5
5 0.5
3 0.5
3 0.5
2 0.5
4 0.5
6 0.5
7 0.5
6 0.5
6 0.5
5 0.5
3 0.5
4 0.5
3 0.5
5 0.5
7 0.5
8 0.5
7 0.5
7 0.5
6 0.5
4 0.5
3 0.5
3 0.5
3 0.5
3 0.5
3 0.5
3 0.5
2 0.5
5 0.5
5 0.5
4 0.5
5 0.5
5 0.5
5 0.5
5 0.5
5 0.5
5 0.5
5 0.5
7 0.5
6 0.5
7 0.5
7 0.5
7 0.5
3 0.5
3 0.5
3 0.5
3 0.5
3 0.5
3 0.5
2 0.5
6 0.5
6 0.5
5 0.5
6 0.5
6 0.5
6 0.5
6 0.5
6 0.5
6 0.5
6 0.5
6 0.5
5 0.5
6 0.5
6 0.5
6 0.5
2 0.5
2 0.5
2 0.5
2 0.5
2 0.5
2 0.5
1 0.5
6 0.5
6 0.5
5 0.5
6 0.5
6 0.5
6 0.5
6 0.5
6 0.5
6 0.5
6 0.5
6 0.5
5 0.5
6 0.5
6 0.5
6 0.5
5 0.5
5 0.5
5 0.5
2 0.5
1 0.5
3 0.5
5 0.5
6 0.5
5 0.5
5 0.5
4 0.5
2 0.5
2 0.5
1 0.5
3 0.5
5 0.5
6 0.5
3 0.5
14 0.42857142857142855
13 0.42857142857142855
14 0.42857142857142855
14 0.42857142857142855
14 0.42857142857142855
13 0.42857142857142855
12 0.42857142857142855
13 0.42857142857142855
13 0.42857142857142855
13 0.42857142857142855
13 0.42857142857142855
12 0.42857142857142855
13 0.42857142857142855
13 0.42857142857142855
13 0.42857142857142855
14 0.42857142857142855
13 0.42857142857142855
14 0.42857142857142855
14 0.42857142857142855
14 0.42857142857142855
12 0.42857142857142855
11 0.42857142857142855
12 0.42857142857142855
12 0.42857142857142855
12 0.42857142857142855
11 0.42857142857142855
11 0.42857142857142855
10 0.42857142857142855
11 0.42857142857142855
11 0.42857142857142855
11 0.42857142857142855
11 0.42857142857142855
11 0.42857142857142855
11 0.42857142857142855
11 0.42857142857142855
12 0.42857142857142855
11 0.42857142857142855
12 0.42857142857142855
12 0.42857142857142855
12 0.42857142857142855
7 0.42000000000000004
7 0.42000000000000004
7 0.42000000000000004
7 0.42000000000000004
7 0.42000000000000004
7 0.42000000000000004
8 0.42000000000000004
8 0.42000000000000004
7 0.42000000000000004
8 0.42000000000000004
8 0.42000000000000004
8 0.42000000000000004
8 0.42000000000000004
8 0.42000000000000004
8 0.42000000000000004
8 0.42000000000000004
9 0.42000000000000004
8 0.42000000000000004
9 0.42000000000000004
9 0.42000000000000004
9 0.42000000000000004
8 0.42000000000000004
8 0.42000000000000004
7 0.42000000000000004
8 0.42000000000000004
8 0.42000000000000004
8 0.42000000000000004
8 0.42000000000000004
8 0.42000000000000004
8 0.42000000000000004
8 0.42000000000000004
9 0.42000000000000004
8 0.42000000000000004
9 0.42000000000000004
9 0.42000000000000004
9 0.42000000000000004
8 0.42000000000000004
8 0.42000000000000004
7 0.42000000000000004
8 0.42000000000000004
8 0.42000000000000004
8 0.42000000000000004
8 0.42000000000000004
8 0.42000000000000004
8 0.42000000000000004
8 0.42000000000000004
9 0.42000000000000004
8 0.42000000000000004
9 0.42000000000000004
9 0.42000000000000004
9 0.42000000000000004
8 0.42000000000000004
8 0.42000000000000004
7 0.42000000000000004
8 0.42000000000000004
8 0.42000000000000004
8 0.42000000000000004
8 0.42000000000000004
8 0.42000000000000004
8 0.42000000000000004
8 0.42000000000000004
9 0.42000000000000004
8 0.42000000000000004
9 0.42000000000000004
9 0.42000000000000004
9 0.42000000000000004
7 0.42000000000000004
7 0.42000000000000004
7 0.42000000000000004
7 0.42000000000000004
7 0.42000000000000004
7 0.42000000000000004
8 0.42000000000000004
8 0.42000000000000004
8 0.42000000000000004
5 0.42000000000000004
5 0.42000000000000004
5 0.42000000000000004
6 0.42000000000000004
6 0.42000000000000004
6 0.42000000000000004
6 0.42000000000000004
6 0.42000000000000004
6 0.42000000000000004
8 0.42000000000000004
8 0.42000000000000004
8 0.42000000000000004
6 0.42000000000000004
6 0.42000000000000004
6 0.42000000000000004
6 0.42000000000000004
6 0.42000000000000004
6 0.42000000000000004
7 0.42000000000000004
7 0.42000000000000004
7 0.42000000000000004
7 0.42000000000000004
7 0.42000000000000004
7 0.42000000000000004
9 0.42000000000000004
9 0.42000000000000004
9 0.42000000000000004
8 0.4
8 0.4
7 0.4
7 0.4
8 0.4
8 0.4
8 0.4
8 0.4
8 0.4
8 0.4
8 0.4
8 0.4
8 0.4
7 0.4
7 0.4
8 0.4
8 0.4
8 0.4
8 0.4
8 0.4
8 0.4
8 0.4
8 0.4
8 0.4
7 0.4
7 0.4
8 0.4
8 0.4
8 0.4
8 0.4
8 0.4
8 0.4
8 0.4
8 0.4
8 0.4
7 0.4
7 0.4
8 0.4
8 0.4
8 0.4
8 0.4
8 0.4
8 0.4
8 0.4
8 0.4
8 0.4
7 0.4
7 0.4
8 0.4
8 0.4
8 0.4
8 0.4
8 0.4
8 0.4
8 0.4
8 0.4
8 0.4
7 0.4
7 0.4
8 0.4
8 0.4
8 0.4
8 0.4
8 0.4
8 0.4
8 0.4
8 0.4
8 0.4
8 0.4
8 0.4
8 0.4
8 0.4
7 0.4
3 0.3666666666666667
3 0.3666666666666667
3 0.3666666666666667
5 0.3666666666666667
5 0.3666666666666667
5 0.3666666666666667
5 0.3666666666666667
5 0.3666666666666667
5 0.3666666666666667
4 0.3666666666666667
5 0.3666666666666667
5 0.3666666666666667
5 0.3666666666666667
5 0.3666666666666667
5 0.3666666666666667
5 0.3666666666666667
4 0.3666666666666667
5 0.3666666666666667
5 0.3666666666666667
5 0.3666666666666667
5 0.3666666666666667
5 0.3666666666666667
5 0.3666666666666667
4 0.3666666666666667
5 0.3666666666666667
5 0.3666666666666667
5 0.3666666666666667
5 0.3666666666666667
5 0.3666666666666667
5 0.3666666666666667
4 0.3666666666666667
3 0.3666666666666667
4 0.3666666666666667
3 0.3666666666666667
4 0.3666666666666667
9 0.35000000000000003
9 0.35000000000000003
8 0.35000000000000003
9 0.35000000000000003
9 0.35000000000000003
9 0.35000000000000003
9 0.35000000000000003
9 0.35000000000000003
9 0.35000000000000003
9 0.35000000000000003
10 0.35000000000000003
9 0.35000000000000003
10 0.35000000000000003
10 0.35000000000000003
10 0.35000000000000003
9 0.35000000000000003
9 0.35000000000000003
8 0.35000000000000003
9 0.35000000000000003
9 0.35000000000000003
9 0.35000000000000003
9 0.35000000000000003
9 0.35000000000000003
9 0.35000000000000003
9 0.35000000000000003
10 0.35000000000000003
9 0.35000000000000003
10 0.35000000000000003
10 0.35000000000000003
10 0.35000000000000003
10 0.35000000000000003
10 0.35000000000000003
10 0.35000000000000003
9 0.35000000000000003
9 0.35000000000000003
9 0.35000000000000003
10 0.35000000000000003
10 0.35000000000000003
10 0.35000000000000003
9 0.35000000000000003
9 0.35000000000000003
9 0.35000000000000003
8 0.3333333333333333
8 0.3333333333333333
8 0.3333333333333333
8 0.3333333333333333
4 0.3333333333333333
4 0.3333333333333333
8 0.3333333333333333
8 0.3333333333333333
8 0.3333333333333333
8 0.3333333333333333
3 0.3333333333333333
3 0.3333333333333333
8 0.3333333333333333
8 0.3333333333333333
8 0.3333333333333333
8 0.3333333333333333
4 0.3333333333333333
4 0.3333333333333333
7 0.3333333333333333
7 0.3333333333333333
7 0.3333333333333333
7 0.3333333333333333
4 0.3333333333333333
4 0.3333333333333333
8 0.3333333333333333
8 0.3333333333333333
8 0.3333333333333333
8 0.3333333333333333
4 0.3333333333333333
4 0.3333333333333333
8 0.3333333333333333
8 0.3333333333333333
8 0.3333333333333333
8 0.3333333333333333
4 0.3333333333333333
4 0.3333333333333333
7 0.3333333333333333
7 0.3333333333333333
7 0.3333333333333333
7 0.3333333333333333
5 0.3333333333333333
5 0.3333333333333333
5 0.3333333333333333
5 0.3333333333333333
4 0.3333333333333333
4 0.3333333333333333
5 0.3333333333333333
11 0.3333333333333333
11 0.3333333333333333
11 0.3333333333333333
11 0.3333333333333333
10 0.3333333333333333
17 0.3333333333333333
11 0.3333333333333333
11 0.3333333333333333
11 0.3333333333333333
11 0.3333333333333333
11 0.3333333333333333
4 0.3333333333333333
11 0.3333333333333333
12 0.3333333333333333
12 0.3333333333333333
12 0.3333333333333333
12 0.3333333333333333
12 0.3333333333333333
6 0.3333333333333333
6 0.3333333333333333
6 0.3333333333333333
6 0.3333333333333333
4 0.3333333333333333
4 0.3333333333333333
4 0.3333333333333333
4 0.3333333333333333
3 0.3333333333333333
3 0.3333333333333333
4 0.3333333333333333
10 0.3333333333333333
10 0.3333333333333333
10 0.3333333333333333
10 0.3333333333333333
9 0.3333333333333333
16 0.3333333333333333
10 0.3333333333333333
10 0.3333333333333333
10 0.3333333333333333
10 0.3333333333333333
10 0.3333333333333333
3 0.3333333333333333
10 0.3333333333333333
11 0.3333333333333333
11 0.3333333333333333
11 0.3333333333333333
11 0.3333333333333333
11 0.3333333333333333
6 0.3333333333333333
6 0.3333333333333333
6 0.3333333333333333
6 0.3333333333333333
4 0.3333333333333333
4 0.3333333333333333
4 0.3333333333333333
4 0.3333333333333333
3 0.3333333333333333
3 0.3333333333333333
4 0.3333333333333333
10 0.3333333333333333
10 0.3333333333333333
10 0.3333333333333333
10 0.3333333333333333
9 0.3333333333333333
16 0.3333333333333333
10 0.3333333333333333
10 0.3333333333333333
10 0.3333333333333333
10 0.3333333333333333
10 0.3333333333333333
3 0.3333333333333333
10 0.3333333333333333
11 0.3333333333333333
11 0.3333333333333333
11 0.3333333333333333
11 0.3333333333333333
11 0.3333333333333333
7 0.3333333333333333
7 0.3333333333333333
7 0.3333333333333333
7 0.3333333333333333
5 0.3333333333333333
5 0.3333333333333333
5 0.3333333333333333
5 0.3333333333333333
4 0.3333333333333333
4 0.3333333333333333
5 0.3333333333333333
11 0.3333333333333333
11 0.3333333333333333
11 0.3333333333333333
11 0.3333333333333333
10 0.3333333333333333
17 0.3333333333333333
11 0.3333333333333333
11 0.3333333333333333
11 0.3333333333333333
11 0.3333333333333333
11 0.3333333333333333
4 0.3333333333333333
11 0.3333333333333333
12 0.3333333333333333
12 0.3333333333333333
12 0.3333333333333333
12 0.3333333333333333
12 0.3333333333333333
4 0.3333333333333333
6 0.3333333333333333
4 0.3333333333333333
4 0.3333333333333333
10 0.3333333333333333
5 0.3333333333333333
5 0.3333333333333333
5 0.3333333333333333
5 0.3333333333333333
5 0.3333333333333333
4 0.3333333333333333
6 0.3333333333333333
3 0.3333333333333333
3 0.3333333333333333
9 0.3333333333333333
4 0.3333333333333333
4 0.3333333333333333
4 0.3333333333333333
4 0.3333333333333333
4 0.3333333333333333
3 0.3333333333333333
5 0.3333333333333333
3 0.3333333333333333
3 0.3333333333333333
9 0.3333333333333333
4 0.3333333333333333
4 0.3333333333333333
4 0.3333333333333333
4 0.3333333333333333
4 0.3333333333333333
9 0.3333333333333333
9 0.3333333333333333
8 0.3333333333333333
4 0.3333333333333333
9 0.3333333333333333
9 0.3333333333333333
9 0.3333333333333333
9 0.3333333333333333
9 0.3333333333333333
9 0.3333333333333333
9 0.3333333333333333
5 0.3333333333333333
5 0.3333333333333333
5 0.3333333333333333
5 0.3333333333333333
3 0.3333333333333333
3 0.3333333333333333
3 0.3333333333333333
3 0.3333333333333333
2 0.3333333333333333
2 0.3333333333333333
3 0.3333333333333333
9 0.3333333333333333
9 0.3333333333333333
9 0.3333333333333333
9 0.3333333333333333
8 0.3333333333333333
15 0.3333333333333333
9 0.3333333333333333
9 0.3333333333333333
9 0.3333333333333333
9 0.3333333333333333
9 0.3333333333333333
2 0.3333333333333333
9 0.3333333333333333
10 0.3333333333333333
10 0.3333333333333333
10 0.3333333333333333
10 0.3333333333333333
10 0.3333333333333333
5 0.3333333333333333
5 0.3333333333333333
5 0.3333333333333333
5 0.3333333333333333
11 0.3333333333333333
9 0.3333333333333333
9 0.3333333333333333
15 0.3333333333333333
10 0.3333333333333333
10 0.3333333333333333
10 0.3333333333333333
10 0.3333333333333333
10 0.3333333333333333
10 0.3
10 0.3
9 0.3
10 0.3
10 0.3
10 0.3
10 0.3
10 0.3
10 0.3
10 0.3
11 0.3
10 0.3
11 0.3
11 0.3
11 0.3
11 0.3
10 0.3
11 0.3
11 0.3
11 0.3
12 0.3
12 0.3
12 0.3
12 0.3
10 0.3
10 0.3
9 0.3
10 0.3
10 0.3
10 0.3
10 0.3
10 0.3
10 0.3
10 0.3
11 0.3
10 0.3
11 0.3
11 0.3
11 0.3
10 0.3
10 0.3
9 0.3
10 0.3
10 0.3
10 0.3
10 0.3
10 0.3
10 0.3
10 0.3
11 0.3
10 0.3
11 0.3
11 0.3
11 0.3
18 0.3
18 0.3
18 0.3
18 0.3
18 0.3
18 0.3
17 0.3
17 0.3
17 0.3
17 0.3
17 0.3
17 0.3
17 0.3
17 0.3
17 0.3
17 0.3
17 0.3
17 0.3
18 0.3
18 0.3
18 0.3
18 0.3
18 0.3
18 0.3
11 0.3
11 0.3
10 0.3
11 0.3
11 0.3
11 0.3
11 0.3
11 0.3
11 0.3
11 0.3
12 0.3
11 0.3
12 0.3
12 0.3
12 0.3
9 0.3
9 0.3
9 0.3
9 0.3
9 0.3
9 0.3
8 0.3
8 0.3
7 0.3
8 0.3
8 0.3
8 0.3
8 0.3
8 0.3
8 0.3
8 0.3
10 0.3
10 0.3
9 0.3
10 0.3
10 0.3
10 0.3
10 0.3
10 0.3
10 0.3
10 0.3
9 0.3
9 0.3
8 0.3
9 0.3
9 0.3
9 0.3
9 0.3
9 0.3
9 0.3
9 0.3
10 0.3
9 0.3
10 0.3
10 0.3
10 0.3
9 0.3
9 0.3
9 0.3
11 0.3
11 0.3
10 0.3
11 0.3
11 0.3
11 0.3
11 0.3
11 0.3
11 0.3
11 0.3
12 0.3
11 0.3
12 0.3
12 0.3
12 0.3
9 0.3
9 0.3
8 0.3
9 0.3
9 0.3
9 0.3
9 0.3
9 0.3
9 0.3
9 0.3
10 0.3
9 0.3
10 0.3
10 0.3
10 0.3
11 0.3
11 0.3
11 0.3
10 0.3
10 0.3
9 0.3
10 0.3
10 0.3
10 0.3
10 0.3
10 0.3
10 0.3
10 0.3
11 0.3
11 0.3
10 0.3
11 0.3
11 0.3
11 0.3
11 0.3
11 0.3
11 0.3
11 0.3
10 0.3
10 0.3
9 0.3
10 0.3
10 0.3
10 0.3
10 0.3
10 0.3
10 0.3
10 0.3
11 0.3
10 0.3
11 0.3
11 0.3
11 0.3
12 0.3
12 0.3
11 0.3
12 0.3
12 0.3
12 0.3
12 0.3
12 0.3
12 0.3
12 0.3
13 0.3
12 0.3
13 0.3
13 0.3
13 0.3
8 0.3
8 0.3
8 0.3
16 0.3
16 0.3
16 0.3
16 0.3
16 0.3
16 0.3
16 0.3
16 0.3
16 0.3
16 0.3
16 0.3
16 0.3
12 0.2857142857142857
14 0.2857142857142857
11 0.2857142857142857
13 0.2857142857142857
11 0.2857142857142857
13 0.2857142857142857
12 0.2857142857142857
14 0.2857142857142857
11 0.2857142857142857
11 0.2857142857142857
11 0.2857142857142857
11 0.2857142857142857
11 0.2857142857142857
11 0.2857142857142857
10 0.2857142857142857
10 0.2857142857142857
10 0.2857142857142857
10 0.2857142857142857
10 0.2857142857142857
10 0.2857142857142857
10 0.2857142857142857
10 0.2857142857142857
10 0.2857142857142857
10 0.2857142857142857
10 0.2857142857142857
10 0.2857142857142857
10 0.2857142857142857
12 0.2857142857142857
10 0.2857142857142857
12 0.2857142857142857
5 0.275
4 0.275
5 0.275
4 0.275
6 0.275
8 0.275
6 0.275
6 0.275
7 0.275
7 0.275
7 0.275
7 0.275
7 0.275
6 0.275
8 0.275
6 0.275
6 0.275
7 0.275
7 0.275
7 0.275
7 0.275
7 0.275
6 0.275
8 0.275
6 0.275
6 0.275
7 0.275
7 0.275
7 0.275
7 0.275
7 0.275
6 0.275
8 0.275
6 0.275
6 0.275
7 0.275
7 0.275
7 0.275
7 0.275
7 0.275
4 0.275
5 0.275
4 0.275
5 0.275
6 0.275
6 0.275
6 0.275
6 0.275
6 0.275
6 0.275
5 0.275
6 0.275
6 0.275
6 0.275
6 0.275
6 0.275
6 0.275
5 0.275
5 0.275
6 0.275
5 0.275
5 0.275
4 0.275
5 0.275
5 0.275
5 0.275
4 0.275
5 0.275
5 0.275
5 0.275
5 0.275
4 0.275
5 0.275
5 0.275
5 0.275
5 0.275
5 0.275
4 0.275
5 0.275
5 0.275
5 0.275
5 0.275
4 0.275
3 0.275
5 0.275
5 0.275
5 0.275
4 0.275
5 0.275
5 0.275
6 0.275
6 0.275
6 0.275
5 0.275
6 0.275
6 0.275
4 0.275
3 0.275
5 0.275
6 0.275
5 0.275
4 0.275
6 0.275
7 0.275
5 0.275
5 0.275
5 0.275
5 0.275
5 0.275
13 0.2625
13 0.2625
13 0.2625
13 0.2625
13 0.2625
13 0.2625
13 0.2625
13 0.2625
13 0.2625
13 0.2625
13 0.2625
13 0.2625
13 0.2625
13 0.2625
13 0.2625
13 0.2625
13 0.2625
13 0.2625
13 0.2625
13 0.2625
13 0.2625
13 0.2625
13 0.2625
13 0.2625
11 0.2625
11 0.2625
11 0.2625
13 0.2625
13 0.2625
10 0.2625
10 0.2625
10 0.2625
13 0.2625
13 0.2625
13 0.2625
10 0.2625
10 0.2625
10 0.2625
14 0.2625
13 0.2625
14 0.2625
14 0.2625
14 0.2625
11 0.2625
11 0.2625
11 0.2625
13 0.2625
12 0.2625
13 0.2625
13 0.2625
13 0.2625
10 0.2625
10 0.2625
10 0.2625
14 0.2625
13 0.2625
14 0.2625
14 0.2625
14 0.2625
13 0.2625
12 0.2625
13 0.2625
13 0.2625
13 0.2625
14 0.25
6 0.25
14 0.25
13 0.25
8 0.25
7 0.25
13 0.25
13 0.25
13 0.25
5 0.25
13 0.25
12 0.25
7 0.25
6 0.25
12 0.25
12 0.25
13 0.25
5 0.25
13 0.25
12 0.25
7 0.25
6 0.25
12 0.25
12 0.25
14 0.25
6 0.25
14 0.25
13 0.25
8 0.25
7 0.25
13 0.25
13 0.25
7 0.25
7 0.25
7 0.25
7 0.25
5 0.25
5 0.25
5 0.25
5 0.25
7 0.25
7 0.25
7 0.25
6 0.25
5 0.25
5 0.25
5 0.25
5 0.25
6 0.25
6 0.25
6 0.25
6 0.25
4 0.25
4 0.25
4 0.25
4 0.25
5 0.25
5 0.25
5 0.25
5 0.25
5 0.25
5 0.25
12 0.25
4 0.25
12 0.25
11 0.25
6 0.25
5 0.25
11 0.25
11 0.25
12 0.25
5 0.25
12 0.25
11 0.25
6 0.25
11 0.25
11 0.25
13 0.25
14 0.25
14 0.25
14 0.23333333333333334
14 0.23333333333333334
14 0.23333333333333334
14 0.23333333333333334
14 0.23333333333333334
14 0.23333333333333334
14 0.23333333333333334
14 0.23333333333333334
14 0.23333333333333334
14 0.23333333333333334
14 0.23333333333333334
14 0.23333333333333334
14 0.23333333333333334
14 0.23333333333333334
14 0.23333333333333334
14 0.23333333333333334
15 0.23333333333333334
12 0.23333333333333334
12 0.23333333333333334
12 0.23333333333333334
13 0.23333333333333334
13 0.23333333333333334
12 0.23333333333333334
13 0.23333333333333334
13 0.23333333333333334
13 0.23333333333333334
13 0.23333333333333334
13 0.23333333333333334
13 0.23333333333333334
13 0.23333333333333334
13 0.23333333333333334
13 0.23333333333333334
12 0.23333333333333334
13 0.23333333333333334
13 0.23333333333333334
13 0.23333333333333334
13 0.23333333333333334
13 0.23333333333333334
13 0.23333333333333334
13 0.23333333333333334
13 0.23333333333333334
13 0.23333333333333334
13 0.23333333333333334
12 0.23333333333333334
13 0.23333333333333334
13 0.23333333333333334
13 0.23333333333333334
13 0.23333333333333334
13 0.23333333333333334
13 0.23333333333333334
13 0.23333333333333334
15 0.23333333333333334
11 0.23333333333333334
11 0.23333333333333334
11 0.23333333333333334
11 0.23333333333333334
11 0.23333333333333334
11 0.23333333333333334
13 0.23333333333333334
15 0.23333333333333334
14 0.23333333333333334
15 0.23333333333333334
15 0.23333333333333334
15 0.23333333333333334
14 0.23333333333333334
16 0.23333333333333334
11 0.23333333333333334
11 0.23333333333333334
10 0.23333333333333334
11 0.23333333333333334
11 0.23333333333333334
11 0.23333333333333334
11 0.23333333333333334
11 0.23333333333333334
11 0.23333333333333334
11 0.23333333333333334
16 0.2222222222222222
15 0.2222222222222222
15 0.2222222222222222
14 0.2222222222222222
15 0.2222222222222222
15 0.2222222222222222
14 0.2222222222222222
14 0.2222222222222222
13 0.2222222222222222
14 0.2222222222222222
15 0.2222222222222222
14 0.2222222222222222
14 0.2222222222222222
13 0.2222222222222222
14 0.2222222222222222
16 0.2222222222222222
15 0.2222222222222222
15 0.2222222222222222
14 0.2222222222222222
15 0.2222222222222222
14 0.2222222222222222
13 0.2222222222222222
13 0.2222222222222222
12 0.2222222222222222
13 0.2222222222222222
14 0.2222222222222222
13 0.2222222222222222
13 0.2222222222222222
12 0.2222222222222222
13 0.2222222222222222
6 0.22000000000000003
6 0.22000000000000003
5 0.22000000000000003
6 0.22000000000000003
6 0.22000000000000003
6 0.22000000000000003
6 0.22000000000000003
6 0.22000000000000003
6 0.22000000000000003
6 0.22000000000000003
7 0.22000000000000003
7 0.22000000000000003
7 0.22000000000000003
7 0.22000000000000003
7 0.22000000000000003
7 0.22000000000000003
6 0.22000000000000003
7 0.22000000000000003
7 0.22000000000000003
7 0.22000000000000003
7 0.22000000000000003
7 0.22000000000000003
7 0.22000000000000003
6 0.22000000000000003
9 0.22000000000000003
9 0.22000000000000003
9 0.22000000000000003
9 0.22000000000000003
7 0.22000000000000003
7 0.22000000000000003
7 0.22000000000000003
7 0.22000000000000003
9 0.22000000000000003
9 0.22000000000000003
9 0.22000000000000003
9 0.22000000000000003
7 0.22000000000000003
7 0.22000000000000003
7 0.22000000000000003
7 0.22000000000000003
9 0.22000000000000003
9 0.22000000000000003
9 0.22000000000000003
9 0.22000000000000003
7 0.22000000000000003
7 0.22000000000000003
7 0.22000000000000003
7 0.22000000000000003
9 0.22000000000000003
9 0.22000000000000003
9 0.22000000000000003
9 0.22000000000000003
7 0.22000000000000003
7 0.22000000000000003
7 0.22000000000000003
7 0.22000000000000003
7 0.22000000000000003
7 0.22000000000000003
7 0.22000000000000003
7 0.22000000000000003
7 0.22000000000000003
7 0.22000000000000003
6 0.22000000000000003
7 0.22000000000000003
7 0.22000000000000003
7 0.22000000000000003
7 0.22000000000000003
7 0.22000000000000003
7 0.22000000000000003
6 0.22000000000000003
9 0.22000000000000003
7 0.22000000000000003
7 0.22000000000000003
8 0.22000000000000003
8 0.22000000000000003
8 0.22000000000000003
8 0.22000000000000003
8 0.22000000000000003
7 0.22000000000000003
9 0.22000000000000003
7 0.22000000000000003
7 0.22000000000000003
8 0.22000000000000003
8 0.22000000000000003
8 0.22000000000000003
8 0.22000000000000003
8 0.22000000000000003
8 0.22000000000000003
8 0.22000000000000003
8 0.22000000000000003
8 0.22000000000000003
8 0.22000000000000003
8 0.22000000000000003
7 0.22000000000000003
9 0.22000000000000003
8 0.22000000000000003
9 0.22000000000000003
9 0.22000000000000003
9 0.22000000000000003
7 0.22000000000000003
7 0.22000000000000003
6 0.22000000000000003
7 0.22000000000000003
7 0.22000000000000003
7 0.22000000000000003
8 0.22000000000000003
6 0.22000000000000003
6 0.22000000000000003
6 0.22000000000000003
5 0.22000000000000003
5 0.22000000000000003
5 0.22000000000000003
5 0.22000000000000003
5 0.22000000000000003
5 0.22000000000000003
6 0.22000000000000003
6 0.22000000000000003
6 0.22000000000000003
6 0.22000000000000003
6 0.22000000000000003
6 0.22000000000000003
6 0.22000000000000003
6 0.22000000000000003
6 0.22000000000000003
6 0.22000000000000003
6 0.22000000000000003
6 0.22000000000000003
5 0.22000000000000003
8 0.22000000000000003
8 0.22000000000000003
8 0.22000000000000003
8 0.22000000000000003
8 0.22000000000000003
8 0.22000000000000003
7 0.22000000000000003
6 0.22000000000000003
7 0.22000000000000003
6 0.22000000000000003
6 0.22000000000000003
5 0.22000000000000003
6 0.22000000000000003
6 0.22000000000000003
6 0.22000000000000003
6 0.22000000000000003
5 0.22000000000000003
6 0.22000000000000003
6 0.22000000000000003
5 0.22000000000000003
6 0.22000000000000003
6 0.22000000000000003
6 0.22000000000000003
6 0.22000000000000003
7 0.22000000000000003
8 0.22000000000000003
6 0.22000000000000003
6 0.22000000000000003
6 0.22000000000000003
6 0.22000000000000003
6 0.22000000000000003
6 0.22000000000000003
5 0.22000000000000003
6 0.22000000000000003
6 0.22000000000000003
6 0.22000000000000003
6 0.22000000000000003
6 0.22000000000000003
6 0.22000000000000003
7 0.22000000000000003
7 0.22000000000000003
7 0.22000000000000003
7 0.22000000000000003
7 0.22000000000000003
7 0.22000000000000003
7 0.22000000000000003
7 0.22000000000000003
7 0.22000000000000003
7 0.22000000000000003
7 0.22000000000000003
7 0.22000000000000003
6 0.22000000000000003
9 0.22000000000000003
9 0.22000000000000003
9 0.22000000000000003
9 0.22000000000000003
9 0.22000000000000003
9 0.22000000000000003
8 0.22000000000000003
7 0.22000000000000003
6 0.22000000000000003
15 0.21000000000000002
15 0.21000000000000002
15 0.21000000000000002
15 0.21000000000000002
15 0.21000000000000002
15 0.21000000000000002
15 0.21000000000000002
15 0.21000000000000002
15 0.21000000000000002
15 0.21000000000000002
15 0.21000000000000002
15 0.21000000000000002
15 0.21000000000000002
14 0.21000000000000002
15 0.21000000000000002
15 0.21000000000000002
15 0.21000000000000002
15 0.21000000000000002
15 0.21000000000000002
15 0.21000000000000002
15 0.21000000000000002
15 0.21000000000000002
15 0.21000000000000002
15 0.21000000000000002
15 0.21000000000000002
15 0.21000000000000002
15 0.21000000000000002
15 0.21000000000000002
15 0.21000000000000002
16 0.21000000000000002
16 0.21000000000000002
16 0.21000000000000002
16 0.21000000000000002
16 0.21000000000000002
16 0.21000000000000002
13 0.21000000000000002
13 0.21000000000000002
12 0.21000000000000002
13 0.21000000000000002
13 0.21000000000000002
13 0.21000000000000002
13 0.21000000000000002
13 0.21000000000000002
13 0.21000000000000002
13 0.21000000000000002
17 0.21000000000000002
17 0.21000000000000002
16 0.21000000000000002
17 0.21000000000000002
17 0.21000000000000002
17 0.21000000000000002
17 0.21000000000000002
17 0.21000000000000002
17 0.21000000000000002
17 0.21000000000000002
13 0.21000000000000002
13 0.21000000000000002
12 0.21000000000000002
13 0.21000000000000002
13 0.21000000000000002
13 0.21000000000000002
13 0.21000000000000002
13 0.21000000000000002
13 0.21000000000000002
13 0.21000000000000002
17 0.21000000000000002
14 0.21000000000000002
14 0.21000000000000002
14 0.21000000000000002
14 0.21000000000000002
14 0.21000000000000002
14 0.21000000000000002
16 0.21000000000000002
16 0.21000000000000002
16 0.21000000000000002
16 0.21000000000000002
16 0.21000000000000002
16 0.21000000000000002
14 0.21000000000000002
14 0.21000000000000002
13 0.21000000000000002
14 0.21000000000000002
14 0.21000000000000002
14 0.21000000000000002
14 0.21000000000000002
14 0.21000000000000002
14 0.21000000000000002
14 0.21000000000000002
16 0.21000000000000002
14 0.21000000000000002
14 0.21000000000000002
13 0.21000000000000002
14 0.21000000000000002
14 0.21000000000000002
14 0.21000000000000002
14 0.21000000000000002
14 0.21000000000000002
14 0.21000000000000002
14 0.21000000000000002
17 0.21000000000000002
14 0.21000000000000002
14 0.21000000000000002
14 0.21000000000000002
14 0.21000000000000002
14 0.21000000000000002
14 0.21000000000000002
15 0.21000000000000002
15 0.21000000000000002
15 0.21000000000000002
15 0.21000000000000002
15 0.21000000000000002
15 0.21000000000000002
17 0.21000000000000002
17 0.21000000000000002
17 0.21000000000000002
17 0.21000000000000002
17 0.21000000000000002
17 0.21000000000000002
15 0.21000000000000002
15 0.21000000000000002
15 0.21000000000000002
16 0.21000000000000002
16 0.2
15 0.2
15 0.2
16 0.2
9 0.2
9 0.2
9 0.2
9 0.2
7 0.2
7 0.2
8 0.2
8 0.2
6 0.2
8 0.2
9 0.2
9 0.2
9 0.2
9 0.2
9 0.2
9 0.2
6 0.2
7 0.2
8 0.2
8 0.2
6 0.2
8 0.2
9 0.2
9 0.2
8 0.2
8 0.2
8 0.2
8 0.2
6 0.2
6 0.2
7 0.2
7 0.2
5 0.2
7 0.2
8 0.2
8 0.2
14 0.2
14 0.2
15 0.19090909090909092
15 0.19090909090909092
14 0.19090909090909092
15 0.19090909090909092
15 0.19090909090909092
15 0.19090909090909092
15 0.19090909090909092
15 0.19090909090909092
15 0.19090909090909092
15 0.19090909090909092
18 0.19090909090909092
18 0.19090909090909092
18 0.19090909090909092
18 0.19090909090909092
18 0.19090909090909092
18 0.19090909090909092
17 0.19090909090909092
17 0.19090909090909092
17 0.19090909090909092
17 0.19090909090909092
17 0.19090909090909092
17 0.19090909090909092
14 0.19090909090909092
14 0.19090909090909092
13 0.19090909090909092
14 0.19090909090909092
14 0.19090909090909092
14 0.19090909090909092
14 0.19090909090909092
14 0.19090909090909092
14 0.19090909090909092
14 0.19090909090909092
14 0.19090909090909092
14 0.19090909090909092
13 0.19090909090909092
14 0.19090909090909092
14 0.19090909090909092
14 0.19090909090909092
14 0.19090909090909092
14 0.19090909090909092
14 0.19090909090909092
14 0.19090909090909092
18 0.19090909090909092
18 0.19090909090909092
18 0.19090909090909092
18 0.19090909090909092
18 0.19090909090909092
18 0.19090909090909092
18 0.19090909090909092
17 0.19090909090909092
17 0.19090909090909092
17 0.19090909090909092
17 0.19090909090909092
17 0.19090909090909092
17 0.19090909090909092
10 0.18333333333333335
9 0.18333333333333335
9 0.18333333333333335
9 0.18333333333333335
9 0.18333333333333335
9 0.18333333333333335
10 0.18333333333333335
9 0.18333333333333335
9 0.18333333333333335
9 0.18333333333333335
9 0.18333333333333335
9 0.18333333333333335
9 0.18333333333333335
9 0.18333333333333335
10 0.18333333333333335
10 0.18333333333333335
8 0.18333333333333335
10 0.18333333333333335
11 0.18333333333333335
11 0.18333333333333335
9 0.18333333333333335
9 0.18333333333333335
10 0.18333333333333335
10 0.18333333333333335
8 0.18333333333333335
10 0.18333333333333335
11 0.18333333333333335
11 0.18333333333333335
9 0.18333333333333335
9 0.18333333333333335
10 0.18333333333333335
10 0.18333333333333335
8 0.18333333333333335
10 0.18333333333333335
11 0.18333333333333335
11 0.18333333333333335
9 0.18333333333333335
9 0.18333333333333335
10 0.18333333333333335
10 0.18333333333333335
8 0.18333333333333335
10 0.18333333333333335
11 0.18333333333333335
11 0.18333333333333335
9 0.18333333333333335
9 0.18333333333333335
9 0.18333333333333335
9 0.18333333333333335
9 0.18333333333333335
9 0.18333333333333335
9 0.18333333333333335
9 0.18333333333333335
9 0.18333333333333335
9 0.18333333333333335
8 0.18333333333333335
10 0.18333333333333335
10 0.18333333333333335
8 0.18333333333333335
8 0.18333333333333335
8 0.18333333333333335
8 0.18333333333333335
10 0.18333333333333335
10 0.18333333333333335
10 0.18333333333333335
10 0.18333333333333335
10 0.18333333333333335
8 0.18333333333333335
9 0.18333333333333335
8 0.18333333333333335
8 0.18333333333333335
9 0.18333333333333335
8 0.18333333333333335
8 0.18333333333333335
8 0.18333333333333335
8 0.18333333333333335
8 0.18333333333333335
8 0.18333333333333335
10 0.18333333333333335
10 0.18333333333333335
10 0.18333333333333335
10 0.18333333333333335
10 0.18333333333333335
9 0.18333333333333335
8 0.18333333333333335
8 0.18333333333333335
8 0.18333333333333335
8 0.18333333333333335
8 0.18333333333333335
8 0.18333333333333335
9 0.18333333333333335
10 0.18333333333333335
9 0.18333333333333335
9 0.18333333333333335
9 0.18333333333333335
9 0.18333333333333335
9 0.18333333333333335
12 0.18333333333333335
11 0.18333333333333335
11 0.18333333333333335
11 0.18333333333333335
11 0.18333333333333335
11 0.18333333333333335
7 0.18333333333333335
8 0.18333333333333335
8 0.18333333333333335
9 0.18333333333333335
9 0.18333333333333335
9 0.18333333333333335
9 0.18333333333333335
9 0.18333333333333335
9 0.18333333333333335
8 0.18333333333333335
17 0.18181818181818182
16 0.18181818181818182
16 0.18181818181818182
17 0.18181818181818182
15 0.18181818181818182
15 0.18181818181818182
18 0.17500000000000002
19 0.17500000000000002
19 0.17500000000000002
19 0.17500000000000002
19 0.17500000000000002
19 0.17500000000000002
19 0.17500000000000002
19 0.17500000000000002
18 0.17500000000000002
19 0.17500000000000002
19 0.17500000000000002
19 0.17500000000000002
18 0.16666666666666666
10 0.16666666666666666
11 0.16666666666666666
11 0.16666666666666666
17 0.16666666666666666
9 0.16666666666666666
10 0.16666666666666666
10 0.16666666666666666
17 0.16666666666666666
9 0.16666666666666666
10 0.16666666666666666
10 0.16666666666666666
18 0.16666666666666666
10 0.16666666666666666
11 0.16666666666666666
11 0.16666666666666666
9 0.16666666666666666
8 0.16666666666666666
8 0.16666666666666666
16 0.16666666666666666
8 0.16666666666666666
9 0.16666666666666666
9 0.16666666666666666
16 0.16666666666666666
19 0.16153846153846155
19 0.16153846153846155
19 0.16153846153846155
19 0.16153846153846155
19 0.16153846153846155
19 0.16153846153846155
11 0.15714285714285717
11 0.15714285714285717
11 0.15714285714285717
11 0.15714285714285717
11 0.15714285714285717
11 0.15714285714285717
11 0.15714285714285717
11 0.15714285714285717
11 0.15714285714285717
11 0.15714285714285717
8 0.15714285714285717
9 0.15714285714285717
10 0.15714285714285717
10 0.15714285714285717
9 0.15714285714285717
9 0.15714285714285717
9 0.15714285714285717
11 0.15714285714285717
12 0.15714285714285717
12 0.15714285714285717
10 0.15714285714285717
9 0.15714285714285717
11 0.15714285714285717
12 0.15714285714285717
12 0.15714285714285717
12 0.15714285714285717
9 0.15714285714285717
9 0.15714285714285717
9 0.15714285714285717
9 0.15714285714285717
9 0.15714285714285717
9 0.15714285714285717
9 0.15714285714285717
9 0.15714285714285717
9 0.15714285714285717
9 0.15714285714285717
9 0.15714285714285717
9 0.15714285714285717
12 0.15714285714285717
12 0.15714285714285717
12 0.15714285714285717
12 0.15714285714285717
12 0.15714285714285717
9 0.15714285714285717
9 0.15714285714285717
8 0.15714285714285717
9 0.15714285714285717
9 0.15714285714285717
9 0.15714285714285717
9 0.15714285714285717
9 0.15714285714285717
9 0.15714285714285717
9 0.15714285714285717
10 0.15714285714285717
10 0.15714285714285717
10 0.15714285714285717
9 0.15714285714285717
9 0.15714285714285717
10 0.15714285714285717
9 0.15714285714285717
11 0.15714285714285717
11 0.15714285714285717
11 0.15714285714285717
11 0.15714285714285717
11 0.15714285714285717
9 0.15714285714285717
8 0.15714285714285717
10 0.15714285714285717
9 0.15714285714285717
10 0.15714285714285717
9 0.15714285714285717
9 0.15714285714285717
12 0.15714285714285717
12 0.15714285714285717
12 0.15714285714285717
12 0.15714285714285717
12 0.15714285714285717
10 0.15714285714285717
10 0.15714285714285717
10 0.15714285714285717
11 0.15714285714285717
11 0.15714285714285717
11 0.15714285714285717
11 0.15714285714285717
8 0.15714285714285717
8 0.15714285714285717
8 0.15714285714285717
8 0.15714285714285717
10 0.15714285714285717
10 0.15714285714285717
10 0.15714285714285717
10 0.15714285714285717
10 0.15714285714285717
10 0.15714285714285717
9 0.15714285714285717
8 0.15714285714285717
8 0.15714285714285717
12 0.15714285714285717
11 0.15714285714285717
11 0.15714285714285717
11 0.15714285714285717
11 0.15714285714285717
11 0.15714285714285717
22 0.15
8 0.14285714285714285
9 0.14285714285714285
8 0.14285714285714285
8 0.14285714285714285
7 0.14285714285714285
8 0.14285714285714285
23 0.14
23 0.14
23 0.14
23 0.14
23 0.14
23 0.14
13 0.1375
13 0.1375
13 0.1375
13 0.1375
11 0.1375
12 0.1375
12 0.1375
12 0.1375
13 0.1375
13 0.1375
13 0.1375
13 0.1375
13 0.1375
13 0.1375
11 0.1375
12 0.1375
12 0.1375
12 0.1375
13 0.1375
13 0.1375
10 0.1375
11 0.1375
10 0.1375
11 0.1375
10 0.1375
11 0.1375
10 0.1375
11 0.1375
12 0.1375
11 0.1375
11 0.1375
10 0.1375
11 0.1375
12 0.1375
11 0.1375
10 0.1375
10 0.1375
10 0.1375
11 0.1375
10 0.1375
10 0.1375
13 0.1375
13 0.1375
13 0.1375
13 0.1375
13 0.1375
13 0.1375
10 0.1375
11 0.1375
10 0.1375
10 0.1375
12 0.1375
12 0.1375
12 0.1375
12 0.1375
10 0.1375
11 0.1375
11 0.1375
11 0.1375
12 0.1375
12 0.1375
11 0.1375
12 0.1375
11 0.1375
11 0.1375
11 0.1375
10 0.1375
10 0.1375
12 0.1375
12 0.1375
12 0.1375
12 0.1375
12 0.1375
10 0.1375
11 0.1375
11 0.1375
11 0.1375
12 0.1375
12 0.1375
13 0.1375
13 0.1375
13 0.1375
13 0.1375
13 0.1375
13 0.1375
13 0.1375
13 0.1375
13 0.1375
11 0.1375
12 0.1375
12 0.1375
12 0.1375
13 0.1375
13 0.1375
13 0.1375
12 0.1375
12 0.1375
12 0.1375
14 0.1375
15 0.1375
15 0.1375
12 0.1375
12 0.1375
12 0.1375
12 0.1375
12 0.1375
13 0.1375
13 0.1375
13 0.1375
9 0.125
9 0.125
8 0.125
10 0.12222222222222223
11 0.12222222222222223
11 0.12222222222222223
11 0.12222222222222223
11 0.12222222222222223
13 0.12222222222222223
13 0.12222222222222223
13 0.12222222222222223
13 0.12222222222222223
13 0.12222222222222223
10 0.12222222222222223
13 0.12222222222222223
12 0.12222222222222223
12 0.12222222222222223
11 0.12222222222222223
12 0.12222222222222223
12 0.12222222222222223
11 0.12222222222222223
12 0.12222222222222223
11 0.12222222222222223
14 0.12222222222222223
13 0.12222222222222223
13 0.12222222222222223
12 0.12222222222222223
13 0.12222222222222223
13 0.12222222222222223
12 0.12222222222222223
12 0.12222222222222223
12 0.12222222222222223
11 0.12222222222222223
14 0.12222222222222223
13 0.12222222222222223
13 0.12222222222222223
12 0.12222222222222223
13 0.12222222222222223
13 0.12222222222222223
12 0.12222222222222223
12 0.12222222222222223
12 0.12222222222222223
11 0.12222222222222223
11 0.12222222222222223
11 0.12222222222222223
11 0.12222222222222223
14 0.12222222222222223
13 0.12222222222222223
13 0.12222222222222223
13 0.12222222222222223
10 0.12222222222222223
13 0.12222222222222223
12 0.12222222222222223
13 0.12222222222222223
14 0.12222222222222223
14 0.12222222222222223
13 0.12222222222222223
14 0.12222222222222223
12 0.12222222222222223
13 0.12222222222222223
15 0.12222222222222223
15 0.12222222222222223
15 0.12222222222222223
15 0.12222222222222223
13 0.12222222222222223
14 0.12222222222222223
14 0.12222222222222223
14 0.12222222222222223
15 0.12222222222222223
15 0.12222222222222223
13 0.11000000000000001
12 0.11000000000000001
13 0.11000000000000001
16 0.11000000000000001
15 0.11000000000000001
15 0.11000000000000001
14 0.11000000000000001
15 0.11000000000000001
12 0.11000000000000001
13 0.11000000000000001
14 0.11000000000000001
14 0.11000000000000001
13 0.11000000000000001
14 0.11000000000000001
13 0.11000000000000001
14 0.11000000000000001
15 0.11000000000000001
15 0.11000000000000001
14 0.11000000000000001
15 0.11000000000000001
12 0.11000000000000001
13 0.1
1 0.1
1 0.1
1 0.1
1 0.1
1 0.1
1 0.1
1 0.1
1 0.1
1 0.1
1 0.1
1 0.1
1 0.1
1 0.1
1 0.1
1 0.1
1 0.1
15 0.1
13 0.1
1 0.1
1 0.1
2 0.1
2 0.1
1 0.1
14 0.1
2 0.1
2 0.1
1 0.1
16 0.1
14 0.1
2 0.1
1 0.1
1 0.1
1 0.1
1 0.1
1 0.1
1 0.1
1 0.1
1 0.1
1 0.1
16 0.1
14 0.1
1 0.1
1 0.1
1 0.1
1 0.1
1 0.1
1 0.1
1 0.1
1 0.1
1 0.1
2 0.1
14 0.1
17 0.1
16 0.1
16 0.1
15 0.1
16 0.1
1 0.1
1 0.1
1 0.1
1 0.1
1 0.1
1 0.1
1 0.1
1 0.1
1 0.1
1 0.1
1 0.1
1 0.1
1 0.1
1 0.1
1 0.1
1 0.1
1 0.1
1 0.1
1 0.1
1 0.1
1 0.1
1 0.1
1 0.1
1 0.1
1 0.1
1 0.1
1 0.1
1 0.1
1 0.1
1 0.1
1 0.1
1 0.1
1 0.1
1 0.1
1 0.1
1 0.1
1 0.1
1 0.1
1 0.1
1 0.1
15 0.1
13 0.1
16 0.1
15 0.1
15 0.1
1 0.1
1 0.1
1 0.1
1 0.1
1 0.1
1 0.1
1 0.1
13 0.1
16 0.1
15 0.1
15 0.1
14 0.1
15 0.1
17 0.1
17 0.1
17 0.1
17 0.1
17 0.1
1 0.1
1 0.1
1 0.1
1 0.1
1 0.1
1 0.1
1 0.1
1 0.1
1 0.1
16 0.09166666666666667
16 0.09166666666666667
16 0.09166666666666667
16 0.09166666666666667
14 0.09166666666666667
17 0.09166666666666667
16 0.09166666666666667
16 0.09166666666666667
15 0.09166666666666667
16 0.09166666666666667
15 0.09166666666666667
16 0.09166666666666667
18 0.09166666666666667
16 0.09166666666666667
15 0.09166666666666667
16 0.09166666666666667
16 0.09166666666666667
15 0.09166666666666667
15 0.09166666666666667
17 0.09166666666666667
16 0.09166666666666667
16 0.09166666666666667
15 0.09166666666666667
16 0.09166666666666667
17 0.09166666666666667
15 0.09166666666666667
19 0.08461538461538462
18 0.08461538461538462
18 0.08461538461538462
17 0.08461538461538462
19 0.08461538461538462
18 0.08461538461538462
18 0.08461538461538462
17 0.08461538461538462
18 0.08461538461538462
20 0.08461538461538462
19 0.08461538461538462
19 0.08461538461538462
18 0.08461538461538462
17 0.08461538461538462
18 0.08461538461538462
18 0.08461538461538462
19 0.08461538461538462
17 0.08461538461538462
18 0.08461538461538462
16 0.08461538461538462
18 0.08461538461538462
18 0.08461538461538462
17 0.07857142857142858
19 0.07857142857142858
18 0.07857142857142858
18 0.07857142857142858
21 0.07857142857142858
20 0.07857142857142858
20 0.07857142857142858
19 0.07857142857142858
20 0.07857142857142858
20 0.07333333333333333
21 0.07333333333333333
21 0.07333333333333333
23 0.06875
21 0.06875
23 0.06470588235294118
2 0.05
3 0.05
3 0.05
2 0.05
3 0.05
3 0.05
3 0.05
2 0.05
3 0.05
3 0.05
3 0.05
3 0.05
3 0.05
3 0.05
3 0.05
3 0.05
3 0.05
3 0.05
3 0.05
3 0.05
3 0.05
3 0.05
3 0.05
3 0.05
3 0.05
3 0.05
3 0.05
3 0.05
3 0.05
3 0.05
3 0.05
3 0.05
1 0.05
2 0.05
2 0.05
2 0.05
2 0.05
4 0.05
3 0.05
3 0.05
3 0.05
3 0.05
3 0.05
3 0.05
3 0.05
2 0.05
3 0.05
3 0.05
2 0.05
3 0.05
3 0.05
3 0.05
4 0.05
2 0.05
3 0.05
2 0.05
2 0.05
2 0.05
2 0.05
2 0.05
2 0.05
2 0.05
2 0.05
2 0.05
2 0.05
3 0.05
4 0.05
3 0.03333333333333333
3 0.03333333333333333
6 0.03333333333333333
3 0.03333333333333333
3 0.03333333333333333
3 0.03333333333333333
3 0.03333333333333333
5 0.03333333333333333
3 0.03333333333333333
3 0.03333333333333333
3 0.03333333333333333
4 0.03333333333333333
3 0.03333333333333333
3 0.03333333333333333
3 0.03333333333333333
3 0.03333333333333333
4 0.03333333333333333
4 0.03333333333333333
4 0.03333333333333333
4 0.03333333333333333
4 0.03333333333333333
4 0.03333333333333333
4 0.03333333333333333
4 0.03333333333333333
4 0.03333333333333333
4 0.03333333333333333
5 0.03333333333333333
4 0.03333333333333333
4 0.03333333333333333
3 0.03333333333333333
4 0.03333333333333333
4 0.03333333333333333
4 0.03333333333333333
4 0.03333333333333333
4 0.03333333333333333
4 0.03333333333333333
5 0.03333333333333333
4 0.03333333333333333
4 0.03333333333333333
3 0.03333333333333333
4 0.03333333333333333
4 0.03333333333333333
5 0.03333333333333333
5 0.03333333333333333
5 0.03333333333333333
5 0.03333333333333333
6 0.03333333333333333
5 0.03333333333333333
5 0.03333333333333333
4 0.03333333333333333
5 0.03333333333333333
5 0.03333333333333333
3 0.03333333333333333
4 0.03333333333333333
3 0.03333333333333333
3 0.03333333333333333
3 0.03333333333333333
3 0.03333333333333333
4 0.03333333333333333
4 0.03333333333333333
4 0.03333333333333333
5 0.03333333333333333
5 0.03333333333333333
3 0.03333333333333333
3 0.03333333333333333
3 0.03333333333333333
3 0.03333333333333333
3 0.03333333333333333
3 0.03333333333333333
3 0.03333333333333333
3 0.03333333333333333
3 0.03333333333333333
3 0.03333333333333333
3 0.03333333333333333
4 0.03333333333333333
3 0.03333333333333333
3 0.03333333333333333
3 0.03333333333333333
3 0.03333333333333333
5 0.03333333333333333
5 0.03333333333333333
5 0.03333333333333333
2 0.03333333333333333
3 0.03333333333333333
3 0.03333333333333333
4 0.03333333333333333
3 0.03333333333333333
3 0.03333333333333333
3 0.03333333333333333
4 0.03333333333333333
2 0.03333333333333333
3 0.03333333333333333
2 0.03333333333333333
4 0.03333333333333333
5 0.03333333333333333
5 0.03333333333333333
5 0.03333333333333333
5 0.03333333333333333
6 0.03333333333333333
5 0.03333333333333333
5 0.03333333333333333
4 0.03333333333333333
5 0.03333333333333333
5 0.03333333333333333
4 0.03333333333333333
5 0.03333333333333333
4 0.03333333333333333
4 0.03333333333333333
4 0.03333333333333333
5 0.03333333333333333
2 0.03333333333333333
3 0.03333333333333333
4 0.03333333333333333
3 0.03333333333333333
3 0.03333333333333333
3 0.03333333333333333
3 0.03333333333333333
3 0.03333333333333333
2 0.03333333333333333
3 0.03333333333333333
3 0.03333333333333333
3 0.03333333333333333
3 0.03333333333333333
3 0.03333333333333333
3 0.03333333333333333
3 0.03333333333333333
3 0.03333333333333333
3 0.03333333333333333
2 0.03333333333333333
3 0.03333333333333333
3 0.03333333333333333
4 0.03333333333333333
5 0.03333333333333333
3 0.03333333333333333
3 0.03333333333333333
3 0.03333333333333333
3 0.03333333333333333
3 0.03333333333333333
2 0.03333333333333333
3 0.03333333333333333
3 0.03333333333333333
3 0.03333333333333333
3 0.03333333333333333
3 0.03333333333333333
3 0.03333333333333333
3 0.03333333333333333
3 0.03333333333333333
3 0.03333333333333333
2 0.03333333333333333
3 0.03333333333333333
2 0.03333333333333333
3 0.03333333333333333
3 0.03333333333333333
4 0.03333333333333333
3 0.03333333333333333
3 0.03333333333333333
5 0.03333333333333333
4 0.03333333333333333
4 0.03333333333333333
4 0.03333333333333333
4 0.03333333333333333
4 0.03333333333333333
4 0.03333333333333333
4 0.03333333333333333
3 0.03333333333333333
4 0.03333333333333333
4 0.03333333333333333
3 0.03333333333333333
3 0.03333333333333333
3 0.03333333333333333
4 0.03333333333333333
3 0.03333333333333333
3 0.03333333333333333
6 0.03333333333333333
6 0.03333333333333333
6 0.03333333333333333
6 0.03333333333333333
6 0.03333333333333333
6 0.03333333333333333
5 0.03333333333333333
2 0.03333333333333333
4 0.03333333333333333
3 0.03333333333333333
3 0.03333333333333333
3 0.03333333333333333
2 0.03333333333333333
3 0.03333333333333333
3 0.03333333333333333
3 0.03333333333333333
3 0.03333333333333333
3 0.03333333333333333
3 0.03333333333333333
5 0.025
4 0.025
4 0.025
5 0.025
4 0.025
4 0.025
4 0.025
4 0.025
4 0.025
4 0.025
4 0.025
3 0.025
4 0.025
4 0.025
6 0.025
6 0.025
6 0.025
7 0.025
6 0.025
6 0.025
6 0.025
6 0.025
7 0.025
7 0.025
7 0.025
4 0.025
3 0.025
4 0.025
4 0.025
4 0.025
4 0.025
4 0.025
3 0.025
3 0.025
3 0.025
3 0.025
4 0.025
4 0.025
7 0.025
7 0.025
7 0.025
7 0.025
7 0.025
7 0.025
5 0.025
6 0.025
5 0.025
5 0.025
6 0.025
6 0.025
6 0.025
5 0.025
6 0.025
4 0.025
3 0.025
4 0.025
4 0.025
4 0.025
4 0.025
4 0.025
3 0.025
3 0.025
3 0.025
3 0.025
4 0.025
4 0.025
7 0.025
7 0.025
7 0.025
7 0.025
8 0.025
7 0.025
7 0.025
6 0.025
7 0.025
7 0.025
4 0.025
4 0.025
4 0.025
4 0.025
5 0.025
3 0.025
5 0.025
4 0.025
5 0.025
5 0.025
5 0.025
5 0.025
5 0.025
4 0.025
4 0.025
4 0.025
5 0.025
5 0.025
7 0.025
7 0.025
7 0.025
6 0.025
6 0.025
5 0.025
6 0.025
6 0.025
6 0.025
6 0.025
6 0.025
5 0.025
5 0.025
4 0.025
5 0.025
5 0.025
5 0.025
5 0.025
6 0.025
6 0.025
6 0.025
6 0.025
6 0.025
6 0.025
6 0.025
6 0.025
6 0.025
5 0.025
5 0.025
5 0.025
4 0.025
5 0.025
4 0.025
7 0.025
4 0.025
4 0.025
3 0.025
4 0.025
5 0.025
5 0.025
4 0.025
5 0.025
4 0.025
7 0.025
5 0.025
5 0.025
4 0.025
5 0.025
5 0.025
5 0.025
3 0.025
5 0.025
3 0.025
7 0.025
5 0.025
5 0.025
4 0.025
5 0.025
7 0.025
7 0.025
7 0.025
7 0.025
7 0.025
7 0.025
6 0.025
5 0.025
3 0.025
6 0.025
6 0.025
6 0.025
4 0.025
5 0.025
5 0.025
5 0.025
6 0.025
5 0.025
5 0.025
5 0.025
6 0.025
5 0.025
6 0.02
6 0.02
6 0.02
7 0.02
6 0.02
5 0.02
6 0.02
6 0.02
7 0.02
8 0.02
4 0.02
7 0.02
6 0.02
7 0.02
8 0.02
8 0.02
8 0.02
8 0.02
9 0.02
7 0.02
7 0.02
6 0.02
7 0.02
7 0.02
7 0.02
7 0.02
7 0.02
5 0.02
5 0.02
4 0.02
6 0.02
6 0.02
6 0.02
6 0.02
7 0.02
7 0.02
7 0.02
8 0.02
8 0.02
4 0.02
7 0.02
9 0.02
9 0.02
9 0.02
6 0.02
6 0.02
5 0.02
7 0.02
5 0.02
8 0.02
8 0.02
7 0.02
6 0.02
10 0.02
6 0.02
5 0.02
4 0.02
5 0.02
5 0.02
5 0.02
5 0.02
5 0.02
8 0.02
8 0.02
4 0.02
4 0.02
4 0.02
4 0.02
5 0.02
5 0.02
7 0.02
6 0.02
5 0.02
6 0.02
6 0.02
6 0.02
6 0.02
6 0.02
8 0.02
8 0.02
5 0.02
5 0.02
5 0.02
5 0.02
6 0.02
6 0.02
7 0.02
6 0.02
5 0.02
6 0.02
6 0.02
6 0.02
6 0.02
6 0.02
8 0.02
8 0.02
5 0.02
5 0.02
5 0.02
6 0.02
6 0.02
7 0.02
8 0.02
8 0.02
8 0.02
8 0.02
9 0.02
8 0.02
8 0.02
7 0.02
8 0.02
8 0.02
7 0.02
7 0.02
7 0.02
7 0.02
8 0.02
7 0.02
7 0.02
6 0.02
7 0.02
7 0.02
6 0.02
5 0.02
6 0.02
6 0.02
6 0.02
6 0.02
6 0.02
5 0.02
5 0.02
6 0.02
6 0.02
6 0.02
6 0.02
6 0.02
6 0.02
6 0.02
6 0.02
6 0.02
7 0.016666666666666666
8 0.016666666666666666
8 0.016666666666666666
8 0.016666666666666666
8 0.016666666666666666
9 0.016666666666666666
8 0.016666666666666666
8 0.016666666666666666
7 0.016666666666666666
8 0.016666666666666666
8 0.016666666666666666
9 0.016666666666666666
8 0.016666666666666666
8 0.016666666666666666
8 0.016666666666666666
6 0.016666666666666666
7 0.016666666666666666
9 0.016666666666666666
8 0.016666666666666666
7 0.016666666666666666
8 0.016666666666666666
8 0.016666666666666666
8 0.016666666666666666
8 0.016666666666666666
8 0.016666666666666666
8 0.016666666666666666
8 0.016666666666666666
7 0.016666666666666666
10 0.016666666666666666
10 0.016666666666666666
7 0.016666666666666666
10 0.016666666666666666
8 0.016666666666666666
8 0.016666666666666666
8 0.016666666666666666
6 0.016666666666666666
7 0.016666666666666666
10 0.016666666666666666
5 0.016666666666666666
9 0.016666666666666666
9 0.016666666666666666
9 0.016666666666666666
7 0.016666666666666666
8 0.016666666666666666
11 0.016666666666666666
11 0.016666666666666666
11 0.016666666666666666
8 0.016666666666666666
8 0.016666666666666666
8 0.016666666666666666
8 0.016666666666666666
8 0.016666666666666666
9 0.016666666666666666
9 0.016666666666666666
9 0.016666666666666666
7 0.016666666666666666
7 0.016666666666666666
5 0.016666666666666666
8 0.016666666666666666
7 0.016666666666666666
9 0.016666666666666666
8 0.016666666666666666
8 0.016666666666666666
6 0.016666666666666666
9 0.016666666666666666
8 0.016666666666666666
9 0.016666666666666666
8 0.016666666666666666
8 0.016666666666666666
6 0.016666666666666666
9 0.016666666666666666
8 0.016666666666666666
5 0.016666666666666666
10 0.016666666666666666
10 0.016666666666666666
10 0.016666666666666666
9 0.016666666666666666
9 0.016666666666666666
9 0.016666666666666666
9 0.016666666666666666
7 0.014285714285714287
7 0.014285714285714287
10 0.014285714285714287
10 0.014285714285714287
10 0.014285714285714287
9 0.014285714285714287
8 0.014285714285714287
10 0.014285714285714287
10 0.014285714285714287
10 0.014285714285714287
10 0.014285714285714287
11 0.014285714285714287
10 0.014285714285714287
10 0.014285714285714287
9 0.014285714285714287
10 0.014285714285714287
10 0.014285714285714287
10 0.014285714285714287
8 0.014285714285714287
13 0.014285714285714287
9 0.014285714285714287
11 0.014285714285714287
10 0.014285714285714287
10 0.014285714285714287
10 0.014285714285714287
10 0.014285714285714287
11 0.014285714285714287
10 0.014285714285714287
10 0.014285714285714287
9 0.014285714285714287
10 0.014285714285714287
10 0.014285714285714287
9 0.014285714285714287
6 0.014285714285714287
11 0.014285714285714287
11 0.014285714285714287
11 0.014285714285714287
11 0.014285714285714287
12 0.014285714285714287
11 0.014285714285714287
11 0.014285714285714287
10 0.014285714285714287
11 0.014285714285714287
11 0.014285714285714287
13 0.014285714285714287
13 0.014285714285714287
13 0.014285714285714287
13 0.014285714285714287
9 0.014285714285714287
12 0.014285714285714287
13 0.014285714285714287
13 0.014285714285714287
9 0.014285714285714287
9 0.014285714285714287
9 0.014285714285714287
7 0.014285714285714287
8 0.014285714285714287
10 0.014285714285714287
10 0.014285714285714287
10 0.014285714285714287
8 0.014285714285714287
9 0.014285714285714287
10 0.014285714285714287
10 0.014285714285714287
10 0.014285714285714287
8 0.014285714285714287
9 0.014285714285714287
9 0.014285714285714287
6 0.014285714285714287
11 0.014285714285714287
7 0.014285714285714287
10 0.014285714285714287
10 0.014285714285714287
10 0.014285714285714287
10 0.014285714285714287
11 0.0125
10 0.0125
10 0.0125
11 0.0125
12 0.0125
12 0.0125
12 0.0125
14 0.0125
14 0.0125
14 0.0125
10 0.0125
11 0.0125
11 0.0125
11 0.0125
12 0.0125
12 0.0125
12 0.0125
13 0.0125
13 0.0125
13 0.0125
11 0.0125
11 0.0125
11 0.0125
11 0.0125
11 0.0125
10 0.0125
11 0.0125
11 0.0125
12 0.0125
12 0.0125
12 0.0125
12 0.0125
11 0.0125
12 0.0125
12 0.0125
12 0.0125
12 0.0125
12 0.0125
12 0.0125
11 0.0125
12 0.0125
12 0.0125
12 0.0125
12 0.0125
12 0.0125
12 0.0125
13 0.0125
12 0.0125
12 0.0125
11 0.0125
12 0.0125
12 0.0125
9 0.0125
13 0.011111111111111112
16 0.011111111111111112
16 0.011111111111111112
16 0.011111111111111112
16 0.011111111111111112
12 0.011111111111111112
15 0.011111111111111112
16 0.011111111111111112
16 0.011111111111111112
13 0.011111111111111112
13 0.011111111111111112
14 0.011111111111111112
14 0.011111111111111112
14 0.011111111111111112
14 0.011111111111111112
14 0.01
12 0.01
11 0.01
12 0.01
12 0.01
14 0.01
13 0.01
15 0.01
14 0.009090909090909092
16 0.008333333333333335
15 0.008333333333333335
16 0.008333333333333335
17 0.008333333333333335
18 0.007692307692307694
