1 1.0
1 1.0
1 1.0
1 1.0
1 1.0
1 1.0
1 1.0
1 1.0
1 1.0
1 1.0
1 1.0
1 1.0
1 1.0
1 1.0
1 1.0
1 1.0
1 1.0
1 1.0
1 1.0
1 1.0
2 0.7000000000000001
2 0.7000000000000001
2 0.7000000000000001
2 0.7000000000000001
2 0.7000000000000001
2 0.7000000000000001
2 0.7000000000000001
2 0.7000000000000001
2 0.7000000000000001
2 0.7000000000000001
2 0.7000000000000001
2 0.7000000000000001
2 0.6666666666666666
2 0.6666666666666666
2 0.6666666666666666
2 0.6666666666666666
2 0.6666666666666666
2 0.6666666666666666
2 0.6666666666666666
2 0.6666666666666666
2 0.6666666666666666
2 0.6666666666666666
2 0.6666666666666666
2 0.6666666666666666
2 0.6666666666666666
2 0.6666666666666666
2 0.6666666666666666
2 0.6666666666666666
2 0.6666666666666666
2 0.6666666666666666
2 0.6666666666666666
2 0.6666666666666666
2 0.6666666666666666
2 0.6666666666666666
2 0.6666666666666666
2 0.6666666666666666
2 0.6666666666666666
2 0.6666666666666666
2 0.6666666666666666
2 0.6666666666666666
2 0.6666666666666666
2 0.6666666666666666
2 0.6666666666666666
2 0.6666666666666666
2 0.6666666666666666
2 0.6666666666666666
2 0.6666666666666666
2 0.6666666666666666
2 0.6666666666666666
2 0.6666666666666666
2 0.6666666666666666
2 0.6666666666666666
2 0.6666666666666666
2 0.6666666666666666
2 0.6666666666666666
2 0.6666666666666666
2 0.6666666666666666
2 0.6666666666666666
2 0.6666666666666666
2 0.6666666666666666
7 0.6
7 0.6
7 0.6
2 0.55
1 0.55
2 0.55
1 0.55
2 0.55
1 0.55
2 0.55
1 0.55
2 0.55
2 0.55
2 0.55
2 0.55
2 0.55
1 0.55
1 0.55
1 0.55
1 0.55
1 0.55
1 0.55
1 0.55
1 0.55
1 0.55
1 0.55
1 0.55
1 0.55
1 0.55
1 0.55
1 0.55
5 0.525
5 0.525
5 0.525
5 0.525
5 0.525
5 0.525
2 0.5
2 0.5
3 0.5
9 0.5
7 0.5
4 0.5
4 0.5
4 0.5
2 0.5
1 0.5
1 0.5
2 0.5
8 0.5
6 0.5
3 0.5
3 0.5
3 0.5
1 0.5
1 0.5
1 0.5
2 0.5
8 0.5
6 0.5
3 0.5
3 0.5
3 0.5
1 0.5
2 0.5
2 0.5
3 0.5
9 0.5
7 0.5
4 0.5
4 0.5
4 0.5
2 0.5
1 0.5
1 0.5
1 0.5
1 0.5
1 0.5
1 0.5
1 0.5
4 0.5
4 0.5
3 0.5
4 0.5
4 0.5
4 0.5
4 0.5
4 0.5
4 0.5
4 0.5
6 0.5
6 0.5
6 0.5
6 0.5
6 0.5
1 0.5
1 0.5
1 0.5
1 0.5
1 0.5
1 0.5
1 0.5
4 0.5
4 0.5
3 0.5
4 0.5
4 0.5
4 0.5
4 0.5
4 0.5
4 0.5
4 0.5
8 0.5
8 0.5
8 0.5
8 0.5
8 0.5
2 0.5
2 0.5
2 0.5
2 0.5
2 0.5
2 0.5
2 0.5
4 0.5
4 0.5
3 0.5
4 0.5
4 0.5
4 0.5
4 0.5
4 0.5
4 0.5
4 0.5
8 0.5
8 0.5
8 0.5
8 0.5
8 0.5
3 0.5
3 0.5
3 0.5
2 0.5
2 0.5
3 0.5
9 0.5
7 0.5
4 0.5
4 0.5
4 0.5
2 0.5
1 0.5
1 0.5
2 0.5
8 0.5
6 0.5
1 0.5
13 0.42857142857142855
13 0.42857142857142855
13 0.42857142857142855
13 0.42857142857142855
13 0.42857142857142855
12 0.42857142857142855
12 0.42857142857142855
12 0.42857142857142855
12 0.42857142857142855
12 0.42857142857142855
12 0.42857142857142855
12 0.42857142857142855
12 0.42857142857142855
12 0.42857142857142855
12 0.42857142857142855
13 0.42857142857142855
13 0.42857142857142855
13 0.42857142857142855
13 0.42857142857142855
13 0.42857142857142855
13 0.42857142857142855
13 0.42857142857142855
13 0.42857142857142855
13 0.42857142857142855
13 0.42857142857142855
10 0.42857142857142855
10 0.42857142857142855
9 0.42857142857142855
10 0.42857142857142855
10 0.42857142857142855
10 0.42857142857142855
10 0.42857142857142855
10 0.42857142857142855
10 0.42857142857142855
10 0.42857142857142855
12 0.42857142857142855
12 0.42857142857142855
12 0.42857142857142855
12 0.42857142857142855
12 0.42857142857142855
7 0.42000000000000004
7 0.42000000000000004
7 0.42000000000000004
4 0.42000000000000004
4 0.42000000000000004
4 0.42000000000000004
5 0.42000000000000004
5 0.42000000000000004
4 0.42000000000000004
5 0.42000000000000004
5 0.42000000000000004
5 0.42000000000000004
5 0.42000000000000004
5 0.42000000000000004
5 0.42000000000000004
5 0.42000000000000004
7 0.42000000000000004
7 0.42000000000000004
7 0.42000000000000004
7 0.42000000000000004
7 0.42000000000000004
5 0.42000000000000004
5 0.42000000000000004
4 0.42000000000000004
5 0.42000000000000004
5 0.42000000000000004
5 0.42000000000000004
5 0.42000000000000004
5 0.42000000000000004
5 0.42000000000000004
5 0.42000000000000004
7 0.42000000000000004
7 0.42000000000000004
7 0.42000000000000004
7 0.42000000000000004
7 0.42000000000000004
5 0.42000000000000004
5 0.42000000000000004
4 0.42000000000000004
5 0.42000000000000004
5 0.42000000000000004
5 0.42000000000000004
5 0.42000000000000004
5 0.42000000000000004
5 0.42000000000000004
5 0.42000000000000004
7 0.42000000000000004
7 0.42000000000000004
7 0.42000000000000004
7 0.42000000000000004
7 0.42000000000000004
5 0.42000000000000004
5 0.42000000000000004
4 0.42000000000000004
5 0.42000000000000004
5 0.42000000000000004
5 0.42000000000000004
5 0.42000000000000004
5 0.42000000000000004
5 0.42000000000000004
5 0.42000000000000004
7 0.42000000000000004
7 0.42000000000000004
7 0.42000000000000004
7 0.42000000000000004
7 0.42000000000000004
6 0.42000000000000004
6 0.42000000000000004
6 0.42000000000000004
6 0.42000000000000004
6 0.42000000000000004
6 0.42000000000000004
7 0.42000000000000004
7 0.42000000000000004
7 0.42000000000000004
5 0.42000000000000004
5 0.42000000000000004
5 0.42000000000000004
4 0.42000000000000004
4 0.42000000000000004
4 0.42000000000000004
14 0.42000000000000004
14 0.42000000000000004
14 0.42000000000000004
7 0.42000000000000004
7 0.42000000000000004
7 0.42000000000000004
62 0.42000000000000004
62 0.42000000000000004
62 0.42000000000000004
4 0.42000000000000004
4 0.42000000000000004
4 0.42000000000000004
4 0.42000000000000004
4 0.42000000000000004
4 0.42000000000000004
6 0.42000000000000004
6 0.42000000000000004
6 0.42000000000000004
7 0.42000000000000004
7 0.42000000000000004
7 0.42000000000000004
5 0.4
5 0.4
4 0.4
4 0.4
5 0.4
5 0.4
5 0.4
5 0.4
5 0.4
5 0.4
5 0.4
5 0.4
5 0.4
4 0.4
4 0.4
5 0.4
5 0.4
5 0.4
5 0.4
5 0.4
5 0.4
5 0.4
5 0.4
5 0.4
4 0.4
4 0.4
5 0.4
5 0.4
5 0.4
5 0.4
5 0.4
5 0.4
5 0.4
5 0.4
5 0.4
4 0.4
4 0.4
5 0.4
5 0.4
5 0.4
5 0.4
5 0.4
5 0.4
5 0.4
5 0.4
5 0.4
4 0.4
4 0.4
5 0.4
5 0.4
5 0.4
5 0.4
5 0.4
5 0.4
5 0.4
5 0.4
5 0.4
4 0.4
4 0.4
5 0.4
5 0.4
5 0.4
5 0.4
5 0.4
5 0.4
5 0.4
7 0.4
7 0.4
7 0.4
7 0.4
7 0.4
7 0.4
7 0.4
2 0.3666666666666667
2 0.3666666666666667
2 0.3666666666666667
2 0.3666666666666667
2 0.3666666666666667
2 0.3666666666666667
2 0.3666666666666667
2 0.3666666666666667
2 0.3666666666666667
2 0.3666666666666667
2 0.3666666666666667
2 0.3666666666666667
2 0.3666666666666667
2 0.3666666666666667
2 0.3666666666666667
2 0.3666666666666667
2 0.3666666666666667
2 0.3666666666666667
2 0.3666666666666667
2 0.3666666666666667
2 0.3666666666666667
2 0.3666666666666667
2 0.3666666666666667
2 0.3666666666666667
2 0.3666666666666667
2 0.3666666666666667
2 0.3666666666666667
2 0.3666666666666667
2 0.3666666666666667
2 0.3666666666666667
2 0.3666666666666667
6 0.3666666666666667
4 0.3666666666666667
6 0.3666666666666667
4 0.3666666666666667
8 0.35000000000000003
8 0.35000000000000003
7 0.35000000000000003
8 0.35000000000000003
8 0.35000000000000003
8 0.35000000000000003
8 0.35000000000000003
8 0.35000000000000003
8 0.35000000000000003
8 0.35000000000000003
10 0.35000000000000003
10 0.35000000000000003
10 0.35000000000000003
10 0.35000000000000003
10 0.35000000000000003
8 0.35000000000000003
8 0.35000000000000003
7 0.35000000000000003
8 0.35000000000000003
8 0.35000000000000003
8 0.35000000000000003
8 0.35000000000000003
8 0.35000000000000003
8 0.35000000000000003
8 0.35000000000000003
10 0.35000000000000003
10 0.35000000000000003
10 0.35000000000000003
10 0.35000000000000003
10 0.35000000000000003
8 0.35000000000000003
8 0.35000000000000003
8 0.35000000000000003
9 0.35000000000000003
9 0.35000000000000003
9 0.35000000000000003
8 0.35000000000000003
8 0.35000000000000003
8 0.35000000000000003
5 0.35000000000000003
5 0.35000000000000003
5 0.35000000000000003
5 0.3333333333333333
5 0.3333333333333333
5 0.3333333333333333
5 0.3333333333333333
2 0.3333333333333333
2 0.3333333333333333
5 0.3333333333333333
5 0.3333333333333333
5 0.3333333333333333
5 0.3333333333333333
2 0.3333333333333333
2 0.3333333333333333
5 0.3333333333333333
5 0.3333333333333333
5 0.3333333333333333
5 0.3333333333333333
2 0.3333333333333333
2 0.3333333333333333
5 0.3333333333333333
5 0.3333333333333333
5 0.3333333333333333
5 0.3333333333333333
2 0.3333333333333333
2 0.3333333333333333
5 0.3333333333333333
5 0.3333333333333333
5 0.3333333333333333
5 0.3333333333333333
2 0.3333333333333333
2 0.3333333333333333
5 0.3333333333333333
5 0.3333333333333333
5 0.3333333333333333
5 0.3333333333333333
2 0.3333333333333333
2 0.3333333333333333
4 0.3333333333333333
4 0.3333333333333333
4 0.3333333333333333
4 0.3333333333333333
3 0.3333333333333333
3 0.3333333333333333
3 0.3333333333333333
3 0.3333333333333333
3 0.3333333333333333
3 0.3333333333333333
3 0.3333333333333333
9 0.3333333333333333
9 0.3333333333333333
7 0.3333333333333333
7 0.3333333333333333
6 0.3333333333333333
15 0.3333333333333333
7 0.3333333333333333
7 0.3333333333333333
7 0.3333333333333333
7 0.3333333333333333
7 0.3333333333333333
3 0.3333333333333333
7 0.3333333333333333
12 0.3333333333333333
12 0.3333333333333333
12 0.3333333333333333
12 0.3333333333333333
12 0.3333333333333333
3 0.3333333333333333
3 0.3333333333333333
3 0.3333333333333333
3 0.3333333333333333
2 0.3333333333333333
2 0.3333333333333333
2 0.3333333333333333
2 0.3333333333333333
2 0.3333333333333333
2 0.3333333333333333
2 0.3333333333333333
8 0.3333333333333333
8 0.3333333333333333
6 0.3333333333333333
6 0.3333333333333333
5 0.3333333333333333
14 0.3333333333333333
6 0.3333333333333333
6 0.3333333333333333
6 0.3333333333333333
6 0.3333333333333333
6 0.3333333333333333
2 0.3333333333333333
6 0.3333333333333333
11 0.3333333333333333
11 0.3333333333333333
11 0.3333333333333333
11 0.3333333333333333
11 0.3333333333333333
3 0.3333333333333333
3 0.3333333333333333
3 0.3333333333333333
3 0.3333333333333333
2 0.3333333333333333
2 0.3333333333333333
2 0.3333333333333333
2 0.3333333333333333
2 0.3333333333333333
2 0.3333333333333333
2 0.3333333333333333
8 0.3333333333333333
8 0.3333333333333333
6 0.3333333333333333
6 0.3333333333333333
5 0.3333333333333333
14 0.3333333333333333
6 0.3333333333333333
6 0.3333333333333333
6 0.3333333333333333
6 0.3333333333333333
6 0.3333333333333333
2 0.3333333333333333
6 0.3333333333333333
11 0.3333333333333333
11 0.3333333333333333
11 0.3333333333333333
11 0.3333333333333333
11 0.3333333333333333
4 0.3333333333333333
4 0.3333333333333333
4 0.3333333333333333
4 0.3333333333333333
3 0.3333333333333333
3 0.3333333333333333
3 0.3333333333333333
3 0.3333333333333333
3 0.3333333333333333
3 0.3333333333333333
3 0.3333333333333333
9 0.3333333333333333
9 0.3333333333333333
7 0.3333333333333333
7 0.3333333333333333
6 0.3333333333333333
15 0.3333333333333333
7 0.3333333333333333
7 0.3333333333333333
7 0.3333333333333333
7 0.3333333333333333
7 0.3333333333333333
3 0.3333333333333333
7 0.3333333333333333
12 0.3333333333333333
12 0.3333333333333333
12 0.3333333333333333
12 0.3333333333333333
12 0.3333333333333333
8 0.3333333333333333
3 0.3333333333333333
2 0.3333333333333333
2 0.3333333333333333
8 0.3333333333333333
5 0.3333333333333333
5 0.3333333333333333
5 0.3333333333333333
5 0.3333333333333333
5 0.3333333333333333
8 0.3333333333333333
3 0.3333333333333333
3 0.3333333333333333
3 0.3333333333333333
10 0.3333333333333333
7 0.3333333333333333
7 0.3333333333333333
7 0.3333333333333333
7 0.3333333333333333
7 0.3333333333333333
12 0.3333333333333333
4 0.3333333333333333
3 0.3333333333333333
3 0.3333333333333333
10 0.3333333333333333
7 0.3333333333333333
7 0.3333333333333333
7 0.3333333333333333
7 0.3333333333333333
7 0.3333333333333333
6 0.3333333333333333
6 0.3333333333333333
5 0.3333333333333333
2 0.3333333333333333
6 0.3333333333333333
6 0.3333333333333333
6 0.3333333333333333
6 0.3333333333333333
6 0.3333333333333333
6 0.3333333333333333
6 0.3333333333333333
4 0.3333333333333333
4 0.3333333333333333
4 0.3333333333333333
4 0.3333333333333333
3 0.3333333333333333
3 0.3333333333333333
3 0.3333333333333333
3 0.3333333333333333
3 0.3333333333333333
3 0.3333333333333333
3 0.3333333333333333
9 0.3333333333333333
9 0.3333333333333333
7 0.3333333333333333
7 0.3333333333333333
6 0.3333333333333333
15 0.3333333333333333
7 0.3333333333333333
7 0.3333333333333333
7 0.3333333333333333
7 0.3333333333333333
7 0.3333333333333333
3 0.3333333333333333
7 0.3333333333333333
12 0.3333333333333333
12 0.3333333333333333
12 0.3333333333333333
12 0.3333333333333333
12 0.3333333333333333
3 0.3333333333333333
3 0.3333333333333333
3 0.3333333333333333
3 0.3333333333333333
9 0.3333333333333333
8 0.3333333333333333
8 0.3333333333333333
14 0.3333333333333333
11 0.3333333333333333
11 0.3333333333333333
11 0.3333333333333333
11 0.3333333333333333
11 0.3333333333333333
10 0.3
10 0.3
9 0.3
10 0.3
10 0.3
10 0.3
10 0.3
10 0.3
10 0.3
10 0.3
12 0.3
12 0.3
12 0.3
12 0.3
12 0.3
9 0.3
9 0.3
9 0.3
9 0.3
9 0.3
9 0.3
9 0.3
9 0.3
9 0.3
9 0.3
9 0.3
8 0.3
9 0.3
9 0.3
9 0.3
9 0.3
9 0.3
9 0.3
9 0.3
11 0.3
11 0.3
11 0.3
11 0.3
11 0.3
9 0.3
9 0.3
8 0.3
9 0.3
9 0.3
9 0.3
9 0.3
9 0.3
9 0.3
9 0.3
11 0.3
11 0.3
11 0.3
11 0.3
11 0.3
16 0.3
16 0.3
16 0.3
16 0.3
16 0.3
16 0.3
15 0.3
15 0.3
15 0.3
15 0.3
15 0.3
15 0.3
15 0.3
15 0.3
15 0.3
15 0.3
15 0.3
15 0.3
16 0.3
16 0.3
16 0.3
16 0.3
16 0.3
16 0.3
10 0.3
10 0.3
9 0.3
10 0.3
10 0.3
10 0.3
10 0.3
10 0.3
10 0.3
10 0.3
12 0.3
12 0.3
12 0.3
12 0.3
12 0.3
6 0.3
6 0.3
6 0.3
6 0.3
6 0.3
6 0.3
8 0.3
8 0.3
7 0.3
8 0.3
8 0.3
8 0.3
8 0.3
8 0.3
8 0.3
8 0.3
7 0.3
7 0.3
6 0.3
7 0.3
7 0.3
7 0.3
7 0.3
7 0.3
7 0.3
7 0.3
17 0.3
17 0.3
16 0.3
17 0.3
17 0.3
17 0.3
17 0.3
17 0.3
17 0.3
17 0.3
19 0.3
19 0.3
19 0.3
19 0.3
19 0.3
6 0.3
6 0.3
6 0.3
10 0.3
10 0.3
9 0.3
10 0.3
10 0.3
10 0.3
10 0.3
10 0.3
10 0.3
10 0.3
12 0.3
12 0.3
12 0.3
12 0.3
12 0.3
65 0.3
65 0.3
64 0.3
65 0.3
65 0.3
65 0.3
65 0.3
65 0.3
65 0.3
65 0.3
67 0.3
67 0.3
67 0.3
67 0.3
67 0.3
9 0.3
9 0.3
9 0.3
7 0.3
7 0.3
6 0.3
7 0.3
7 0.3
7 0.3
7 0.3
7 0.3
7 0.3
7 0.3
7 0.3
7 0.3
6 0.3
7 0.3
7 0.3
7 0.3
7 0.3
7 0.3
7 0.3
7 0.3
9 0.3
9 0.3
8 0.3
9 0.3
9 0.3
9 0.3
9 0.3
9 0.3
9 0.3
9 0.3
11 0.3
11 0.3
11 0.3
11 0.3
11 0.3
10 0.3
10 0.3
9 0.3
10 0.3
10 0.3
10 0.3
10 0.3
10 0.3
10 0.3
10 0.3
12 0.3
12 0.3
12 0.3
12 0.3
12 0.3
8 0.3
8 0.3
8 0.3
16 0.3
16 0.3
16 0.3
16 0.3
16 0.3
16 0.3
15 0.3
15 0.3
15 0.3
15 0.3
15 0.3
15 0.3
15 0.2857142857142857
11 0.2857142857142857
14 0.2857142857142857
10 0.2857142857142857
14 0.2857142857142857
10 0.2857142857142857
15 0.2857142857142857
11 0.2857142857142857
9 0.2857142857142857
9 0.2857142857142857
9 0.2857142857142857
9 0.2857142857142857
9 0.2857142857142857
9 0.2857142857142857
11 0.2857142857142857
11 0.2857142857142857
11 0.2857142857142857
11 0.2857142857142857
11 0.2857142857142857
11 0.2857142857142857
11 0.2857142857142857
11 0.2857142857142857
11 0.2857142857142857
11 0.2857142857142857
11 0.2857142857142857
11 0.2857142857142857
15 0.2857142857142857
11 0.2857142857142857
14 0.2857142857142857
10 0.2857142857142857
6 0.275
7 0.275
3 0.275
4 0.275
9 0.275
4 0.275
3 0.275
3 0.275
6 0.275
6 0.275
6 0.275
6 0.275
6 0.275
9 0.275
4 0.275
3 0.275
3 0.275
6 0.275
6 0.275
6 0.275
6 0.275
6 0.275
9 0.275
4 0.275
3 0.275
3 0.275
6 0.275
6 0.275
6 0.275
6 0.275
6 0.275
9 0.275
4 0.275
3 0.275
3 0.275
6 0.275
6 0.275
6 0.275
6 0.275
6 0.275
7 0.275
5 0.275
7 0.275
5 0.275
5 0.275
5 0.275
5 0.275
5 0.275
5 0.275
5 0.275
5 0.275
5 0.275
5 0.275
5 0.275
5 0.275
5 0.275
5 0.275
5 0.275
8 0.275
6 0.275
4 0.275
4 0.275
4 0.275
4 0.275
4 0.275
3 0.275
3 0.275
3 0.275
3 0.275
3 0.275
3 0.275
3 0.275
3 0.275
3 0.275
3 0.275
5 0.275
5 0.275
5 0.275
5 0.275
5 0.275
4 0.275
3 0.275
13 0.275
14 0.275
3 0.275
3 0.275
3 0.275
3 0.275
3 0.275
8 0.275
6 0.275
3 0.275
3 0.275
3 0.275
3 0.275
3 0.275
61 0.275
62 0.275
3 0.275
3 0.275
5 0.275
6 0.275
8 0.275
6 0.275
5 0.275
5 0.275
5 0.275
5 0.275
5 0.275
10 0.2625
10 0.2625
10 0.2625
10 0.2625
10 0.2625
10 0.2625
10 0.2625
10 0.2625
10 0.2625
10 0.2625
10 0.2625
10 0.2625
10 0.2625
10 0.2625
10 0.2625
10 0.2625
10 0.2625
10 0.2625
10 0.2625
10 0.2625
10 0.2625
10 0.2625
10 0.2625
10 0.2625
16 0.2625
16 0.2625
16 0.2625
12 0.2625
12 0.2625
12 0.2625
12 0.2625
12 0.2625
7 0.2625
7 0.2625
7 0.2625
13 0.2625
13 0.2625
13 0.2625
13 0.2625
13 0.2625
13 0.2625
13 0.2625
13 0.2625
11 0.2625
11 0.2625
11 0.2625
14 0.2625
14 0.2625
14 0.2625
14 0.2625
14 0.2625
11 0.2625
11 0.2625
11 0.2625
13 0.2625
13 0.2625
13 0.2625
13 0.2625
13 0.2625
10 0.2625
10 0.2625
10 0.2625
10 0.2625
10 0.2625
11 0.25
4 0.25
11 0.25
15 0.25
5 0.25
5 0.25
15 0.25
15 0.25
10 0.25
3 0.25
10 0.25
14 0.25
4 0.25
4 0.25
14 0.25
14 0.25
10 0.25
3 0.25
10 0.25
14 0.25
4 0.25
4 0.25
14 0.25
14 0.25
11 0.25
4 0.25
11 0.25
15 0.25
5 0.25
5 0.25
15 0.25
15 0.25
3 0.25
3 0.25
3 0.25
4 0.25
9 0.25
9 0.25
9 0.25
9 0.25
3 0.25
3 0.25
3 0.25
5 0.25
9 0.25
9 0.25
9 0.25
9 0.25
4 0.25
4 0.25
4 0.25
5 0.25
13 0.25
13 0.25
13 0.25
13 0.25
3 0.25
3 0.25
3 0.25
3 0.25
3 0.25
3 0.25
11 0.25
4 0.25
11 0.25
15 0.25
5 0.25
5 0.25
15 0.25
15 0.25
10 0.25
3 0.25
10 0.25
14 0.25
4 0.25
14 0.25
14 0.25
13 0.25
11 0.25
11 0.25
14 0.23333333333333334
11 0.23333333333333334
13 0.23333333333333334
13 0.23333333333333334
13 0.23333333333333334
13 0.23333333333333334
13 0.23333333333333334
13 0.23333333333333334
13 0.23333333333333334
13 0.23333333333333334
13 0.23333333333333334
13 0.23333333333333334
13 0.23333333333333334
13 0.23333333333333334
13 0.23333333333333334
13 0.23333333333333334
14 0.23333333333333334
14 0.23333333333333334
14 0.23333333333333334
14 0.23333333333333334
9 0.23333333333333334
9 0.23333333333333334
8 0.23333333333333334
9 0.23333333333333334
9 0.23333333333333334
9 0.23333333333333334
9 0.23333333333333334
9 0.23333333333333334
9 0.23333333333333334
9 0.23333333333333334
9 0.23333333333333334
9 0.23333333333333334
8 0.23333333333333334
9 0.23333333333333334
9 0.23333333333333334
9 0.23333333333333334
9 0.23333333333333334
9 0.23333333333333334
9 0.23333333333333334
9 0.23333333333333334
21 0.23333333333333334
9 0.23333333333333334
9 0.23333333333333334
8 0.23333333333333334
9 0.23333333333333334
9 0.23333333333333334
9 0.23333333333333334
9 0.23333333333333334
9 0.23333333333333334
9 0.23333333333333334
9 0.23333333333333334
14 0.23333333333333334
16 0.23333333333333334
16 0.23333333333333334
16 0.23333333333333334
16 0.23333333333333334
16 0.23333333333333334
16 0.23333333333333334
69 0.23333333333333334
14 0.23333333333333334
14 0.23333333333333334
14 0.23333333333333334
14 0.23333333333333334
14 0.23333333333333334
13 0.23333333333333334
14 0.23333333333333334
11 0.23333333333333334
11 0.23333333333333334
10 0.23333333333333334
11 0.23333333333333334
11 0.23333333333333334
11 0.23333333333333334
11 0.23333333333333334
11 0.23333333333333334
11 0.23333333333333334
11 0.23333333333333334
12 0.2222222222222222
12 0.2222222222222222
12 0.2222222222222222
13 0.2222222222222222
13 0.2222222222222222
11 0.2222222222222222
11 0.2222222222222222
11 0.2222222222222222
12 0.2222222222222222
12 0.2222222222222222
11 0.2222222222222222
11 0.2222222222222222
11 0.2222222222222222
12 0.2222222222222222
12 0.2222222222222222
12 0.2222222222222222
12 0.2222222222222222
12 0.2222222222222222
13 0.2222222222222222
13 0.2222222222222222
12 0.2222222222222222
12 0.2222222222222222
12 0.2222222222222222
13 0.2222222222222222
13 0.2222222222222222
11 0.2222222222222222
11 0.2222222222222222
11 0.2222222222222222
12 0.2222222222222222
12 0.2222222222222222
5 0.22000000000000003
5 0.22000000000000003
4 0.22000000000000003
5 0.22000000000000003
5 0.22000000000000003
5 0.22000000000000003
5 0.22000000000000003
5 0.22000000000000003
5 0.22000000000000003
5 0.22000000000000003
7 0.22000000000000003
7 0.22000000000000003
7 0.22000000000000003
7 0.22000000000000003
7 0.22000000000000003
7 0.22000000000000003
7 0.22000000000000003
4 0.22000000000000003
4 0.22000000000000003
4 0.22000000000000003
4 0.22000000000000003
4 0.22000000000000003
4 0.22000000000000003
4 0.22000000000000003
4 0.22000000000000003
4 0.22000000000000003
4 0.22000000000000003
5 0.22000000000000003
10 0.22000000000000003
10 0.22000000000000003
10 0.22000000000000003
10 0.22000000000000003
4 0.22000000000000003
4 0.22000000000000003
4 0.22000000000000003
5 0.22000000000000003
10 0.22000000000000003
10 0.22000000000000003
10 0.22000000000000003
10 0.22000000000000003
4 0.22000000000000003
4 0.22000000000000003
4 0.22000000000000003
5 0.22000000000000003
10 0.22000000000000003
10 0.22000000000000003
10 0.22000000000000003
10 0.22000000000000003
4 0.22000000000000003
4 0.22000000000000003
4 0.22000000000000003
5 0.22000000000000003
10 0.22000000000000003
10 0.22000000000000003
10 0.22000000000000003
10 0.22000000000000003
6 0.22000000000000003
6 0.22000000000000003
6 0.22000000000000003
6 0.22000000000000003
6 0.22000000000000003
6 0.22000000000000003
6 0.22000000000000003
6 0.22000000000000003
6 0.22000000000000003
6 0.22000000000000003
6 0.22000000000000003
6 0.22000000000000003
6 0.22000000000000003
6 0.22000000000000003
7 0.22000000000000003
6 0.22000000000000003
6 0.22000000000000003
9 0.22000000000000003
9 0.22000000000000003
9 0.22000000000000003
9 0.22000000000000003
9 0.22000000000000003
12 0.22000000000000003
7 0.22000000000000003
6 0.22000000000000003
6 0.22000000000000003
9 0.22000000000000003
9 0.22000000000000003
9 0.22000000000000003
9 0.22000000000000003
9 0.22000000000000003
7 0.22000000000000003
7 0.22000000000000003
7 0.22000000000000003
7 0.22000000000000003
7 0.22000000000000003
7 0.22000000000000003
7 0.22000000000000003
4 0.22000000000000003
4 0.22000000000000003
4 0.22000000000000003
4 0.22000000000000003
4 0.22000000000000003
6 0.22000000000000003
6 0.22000000000000003
6 0.22000000000000003
6 0.22000000000000003
6 0.22000000000000003
9 0.22000000000000003
7 0.22000000000000003
4 0.22000000000000003
4 0.22000000000000003
4 0.22000000000000003
5 0.22000000000000003
5 0.22000000000000003
5 0.22000000000000003
5 0.22000000000000003
5 0.22000000000000003
5 0.22000000000000003
4 0.22000000000000003
4 0.22000000000000003
4 0.22000000000000003
4 0.22000000000000003
4 0.22000000000000003
4 0.22000000000000003
14 0.22000000000000003
14 0.22000000000000003
14 0.22000000000000003
14 0.22000000000000003
14 0.22000000000000003
14 0.22000000000000003
14 0.22000000000000003
7 0.22000000000000003
7 0.22000000000000003
7 0.22000000000000003
7 0.22000000000000003
7 0.22000000000000003
7 0.22000000000000003
7 0.22000000000000003
10 0.22000000000000003
8 0.22000000000000003
8 0.22000000000000003
8 0.22000000000000003
8 0.22000000000000003
8 0.22000000000000003
8 0.22000000000000003
8 0.22000000000000003
8 0.22000000000000003
8 0.22000000000000003
8 0.22000000000000003
8 0.22000000000000003
8 0.22000000000000003
8 0.22000000000000003
8 0.22000000000000003
8 0.22000000000000003
8 0.22000000000000003
9 0.22000000000000003
7 0.22000000000000003
62 0.22000000000000003
62 0.22000000000000003
62 0.22000000000000003
62 0.22000000000000003
62 0.22000000000000003
62 0.22000000000000003
62 0.22000000000000003
4 0.22000000000000003
4 0.22000000000000003
4 0.22000000000000003
4 0.22000000000000003
4 0.22000000000000003
4 0.22000000000000003
4 0.22000000000000003
4 0.22000000000000003
4 0.22000000000000003
4 0.22000000000000003
4 0.22000000000000003
4 0.22000000000000003
6 0.22000000000000003
6 0.22000000000000003
6 0.22000000000000003
6 0.22000000000000003
6 0.22000000000000003
6 0.22000000000000003
6 0.22000000000000003
7 0.22000000000000003
7 0.22000000000000003
7 0.22000000000000003
7 0.22000000000000003
7 0.22000000000000003
7 0.22000000000000003
7 0.22000000000000003
4 0.22000000000000003
5 0.22000000000000003
15 0.21000000000000002
15 0.21000000000000002
15 0.21000000000000002
15 0.21000000000000002
15 0.21000000000000002
15 0.21000000000000002
12 0.21000000000000002
12 0.21000000000000002
12 0.21000000000000002
12 0.21000000000000002
12 0.21000000000000002
12 0.21000000000000002
21 0.21000000000000002
21 0.21000000000000002
21 0.21000000000000002
21 0.21000000000000002
21 0.21000000000000002
14 0.21000000000000002
14 0.21000000000000002
14 0.21000000000000002
14 0.21000000000000002
14 0.21000000000000002
14 0.21000000000000002
14 0.21000000000000002
14 0.21000000000000002
14 0.21000000000000002
14 0.21000000000000002
14 0.21000000000000002
14 0.21000000000000002
15 0.21000000000000002
15 0.21000000000000002
15 0.21000000000000002
15 0.21000000000000002
15 0.21000000000000002
15 0.21000000000000002
15 0.21000000000000002
15 0.21000000000000002
14 0.21000000000000002
15 0.21000000000000002
15 0.21000000000000002
15 0.21000000000000002
15 0.21000000000000002
15 0.21000000000000002
15 0.21000000000000002
15 0.21000000000000002
10 0.21000000000000002
10 0.21000000000000002
9 0.21000000000000002
10 0.21000000000000002
10 0.21000000000000002
10 0.21000000000000002
10 0.21000000000000002
10 0.21000000000000002
10 0.21000000000000002
10 0.21000000000000002
16 0.21000000000000002
16 0.21000000000000002
15 0.21000000000000002
16 0.21000000000000002
16 0.21000000000000002
16 0.21000000000000002
16 0.21000000000000002
16 0.21000000000000002
16 0.21000000000000002
16 0.21000000000000002
15 0.21000000000000002
22 0.21000000000000002
22 0.21000000000000002
22 0.21000000000000002
22 0.21000000000000002
22 0.21000000000000002
22 0.21000000000000002
15 0.21000000000000002
15 0.21000000000000002
15 0.21000000000000002
15 0.21000000000000002
15 0.21000000000000002
15 0.21000000000000002
14 0.21000000000000002
14 0.21000000000000002
13 0.21000000000000002
14 0.21000000000000002
14 0.21000000000000002
14 0.21000000000000002
14 0.21000000000000002
14 0.21000000000000002
14 0.21000000000000002
14 0.21000000000000002
16 0.21000000000000002
14 0.21000000000000002
14 0.21000000000000002
13 0.21000000000000002
14 0.21000000000000002
14 0.21000000000000002
14 0.21000000000000002
14 0.21000000000000002
14 0.21000000000000002
14 0.21000000000000002
14 0.21000000000000002
15 0.21000000000000002
70 0.21000000000000002
70 0.21000000000000002
70 0.21000000000000002
70 0.21000000000000002
70 0.21000000000000002
70 0.21000000000000002
14 0.21000000000000002
14 0.21000000000000002
14 0.21000000000000002
14 0.21000000000000002
14 0.21000000000000002
14 0.21000000000000002
15 0.21000000000000002
15 0.21000000000000002
15 0.21000000000000002
15 0.21000000000000002
15 0.21000000000000002
15 0.21000000000000002
232 0.21000000000000002
232 0.21000000000000002
232 0.21000000000000002
12 0.21000000000000002
21 0.2
20 0.2
20 0.2
21 0.2
5 0.2
5 0.2
5 0.2
5 0.2
4 0.2
6 0.2
6 0.2
4 0.2
11 0.2
7 0.2
5 0.2
5 0.2
5 0.2
5 0.2
5 0.2
5 0.2
5 0.2
6 0.2
6 0.2
4 0.2
11 0.2
7 0.2
5 0.2
5 0.2
6 0.2
6 0.2
6 0.2
6 0.2
5 0.2
7 0.2
7 0.2
5 0.2
15 0.2
8 0.2
6 0.2
6 0.2
21 0.2
20 0.2
17 0.19090909090909092
17 0.19090909090909092
16 0.19090909090909092
17 0.19090909090909092
17 0.19090909090909092
17 0.19090909090909092
17 0.19090909090909092
17 0.19090909090909092
17 0.19090909090909092
17 0.19090909090909092
16 0.19090909090909092
16 0.19090909090909092
16 0.19090909090909092
16 0.19090909090909092
16 0.19090909090909092
16 0.19090909090909092
17 0.19090909090909092
17 0.19090909090909092
17 0.19090909090909092
17 0.19090909090909092
17 0.19090909090909092
17 0.19090909090909092
19 0.19090909090909092
19 0.19090909090909092
18 0.19090909090909092
19 0.19090909090909092
19 0.19090909090909092
19 0.19090909090909092
19 0.19090909090909092
19 0.19090909090909092
19 0.19090909090909092
19 0.19090909090909092
19 0.19090909090909092
19 0.19090909090909092
18 0.19090909090909092
19 0.19090909090909092
19 0.19090909090909092
19 0.19090909090909092
19 0.19090909090909092
19 0.19090909090909092
19 0.19090909090909092
19 0.19090909090909092
16 0.19090909090909092
16 0.19090909090909092
16 0.19090909090909092
16 0.19090909090909092
16 0.19090909090909092
16 0.19090909090909092
16 0.19090909090909092
13 0.19090909090909092
13 0.19090909090909092
13 0.19090909090909092
13 0.19090909090909092
13 0.19090909090909092
13 0.19090909090909092
9 0.18333333333333335
11 0.18333333333333335
11 0.18333333333333335
11 0.18333333333333335
11 0.18333333333333335
11 0.18333333333333335
6 0.18333333333333335
8 0.18333333333333335
8 0.18333333333333335
8 0.18333333333333335
8 0.18333333333333335
8 0.18333333333333335
5 0.18333333333333335
7 0.18333333333333335
7 0.18333333333333335
5 0.18333333333333335
12 0.18333333333333335
8 0.18333333333333335
6 0.18333333333333335
6 0.18333333333333335
5 0.18333333333333335
7 0.18333333333333335
7 0.18333333333333335
5 0.18333333333333335
12 0.18333333333333335
8 0.18333333333333335
6 0.18333333333333335
6 0.18333333333333335
5 0.18333333333333335
7 0.18333333333333335
7 0.18333333333333335
5 0.18333333333333335
12 0.18333333333333335
8 0.18333333333333335
6 0.18333333333333335
6 0.18333333333333335
5 0.18333333333333335
7 0.18333333333333335
7 0.18333333333333335
5 0.18333333333333335
12 0.18333333333333335
8 0.18333333333333335
6 0.18333333333333335
6 0.18333333333333335
10 0.18333333333333335
10 0.18333333333333335
10 0.18333333333333335
10 0.18333333333333335
10 0.18333333333333335
10 0.18333333333333335
10 0.18333333333333335
10 0.18333333333333335
10 0.18333333333333335
10 0.18333333333333335
12 0.18333333333333335
8 0.18333333333333335
8 0.18333333333333335
13 0.18333333333333335
13 0.18333333333333335
13 0.18333333333333335
13 0.18333333333333335
11 0.18333333333333335
11 0.18333333333333335
11 0.18333333333333335
11 0.18333333333333335
11 0.18333333333333335
10 0.18333333333333335
8 0.18333333333333335
5 0.18333333333333335
5 0.18333333333333335
16 0.18333333333333335
18 0.18333333333333335
18 0.18333333333333335
18 0.18333333333333335
18 0.18333333333333335
18 0.18333333333333335
5 0.18333333333333335
11 0.18333333333333335
11 0.18333333333333335
11 0.18333333333333335
11 0.18333333333333335
11 0.18333333333333335
64 0.18333333333333335
66 0.18333333333333335
66 0.18333333333333335
66 0.18333333333333335
66 0.18333333333333335
66 0.18333333333333335
10 0.18333333333333335
8 0.18333333333333335
8 0.18333333333333335
10 0.18333333333333335
10 0.18333333333333335
10 0.18333333333333335
10 0.18333333333333335
10 0.18333333333333335
9 0.18333333333333335
11 0.18333333333333335
11 0.18333333333333335
11 0.18333333333333335
11 0.18333333333333335
11 0.18333333333333335
12 0.18333333333333335
10 0.18333333333333335
7 0.18333333333333335
5 0.18333333333333335
5 0.18333333333333335
5 0.18333333333333335
5 0.18333333333333335
5 0.18333333333333335
5 0.18333333333333335
5 0.18333333333333335
21 0.18181818181818182
20 0.18181818181818182
20 0.18181818181818182
21 0.18181818181818182
21 0.18181818181818182
20 0.18181818181818182
23 0.17500000000000002
17 0.17500000000000002
17 0.17500000000000002
17 0.17500000000000002
17 0.17500000000000002
17 0.17500000000000002
17 0.17500000000000002
237 0.17500000000000002
237 0.17500000000000002
237 0.17500000000000002
237 0.17500000000000002
237 0.17500000000000002
17 0.16666666666666666
9 0.16666666666666666
7 0.16666666666666666
7 0.16666666666666666
16 0.16666666666666666
8 0.16666666666666666
6 0.16666666666666666
6 0.16666666666666666
16 0.16666666666666666
8 0.16666666666666666
6 0.16666666666666666
6 0.16666666666666666
17 0.16666666666666666
9 0.16666666666666666
7 0.16666666666666666
7 0.16666666666666666
5 0.16666666666666666
6 0.16666666666666666
6 0.16666666666666666
17 0.16666666666666666
9 0.16666666666666666
7 0.16666666666666666
7 0.16666666666666666
16 0.16666666666666666
24 0.16153846153846155
24 0.16153846153846155
24 0.16153846153846155
24 0.16153846153846155
24 0.16153846153846155
24 0.16153846153846155
9 0.15714285714285717
9 0.15714285714285717
9 0.15714285714285717
6 0.15714285714285717
6 0.15714285714285717
6 0.15714285714285717
6 0.15714285714285717
6 0.15714285714285717
6 0.15714285714285717
6 0.15714285714285717
17 0.15714285714285717
15 0.15714285714285717
8 0.15714285714285717
8 0.15714285714285717
12 0.15714285714285717
12 0.15714285714285717
12 0.15714285714285717
11 0.15714285714285717
9 0.15714285714285717
9 0.15714285714285717
8 0.15714285714285717
15 0.15714285714285717
11 0.15714285714285717
9 0.15714285714285717
9 0.15714285714285717
6 0.15714285714285717
6 0.15714285714285717
6 0.15714285714285717
6 0.15714285714285717
6 0.15714285714285717
6 0.15714285714285717
6 0.15714285714285717
6 0.15714285714285717
6 0.15714285714285717
6 0.15714285714285717
6 0.15714285714285717
6 0.15714285714285717
6 0.15714285714285717
12 0.15714285714285717
12 0.15714285714285717
12 0.15714285714285717
12 0.15714285714285717
12 0.15714285714285717
7 0.15714285714285717
7 0.15714285714285717
6 0.15714285714285717
7 0.15714285714285717
7 0.15714285714285717
7 0.15714285714285717
7 0.15714285714285717
7 0.15714285714285717
7 0.15714285714285717
7 0.15714285714285717
16 0.15714285714285717
16 0.15714285714285717
16 0.15714285714285717
6 0.15714285714285717
6 0.15714285714285717
6 0.15714285714285717
7 0.15714285714285717
13 0.15714285714285717
13 0.15714285714285717
13 0.15714285714285717
13 0.15714285714285717
13 0.15714285714285717
6 0.15714285714285717
7 0.15714285714285717
6 0.15714285714285717
7 0.15714285714285717
6 0.15714285714285717
7 0.15714285714285717
10 0.15714285714285717
12 0.15714285714285717
12 0.15714285714285717
12 0.15714285714285717
12 0.15714285714285717
12 0.15714285714285717
64 0.15714285714285717
64 0.15714285714285717
64 0.15714285714285717
8 0.15714285714285717
8 0.15714285714285717
8 0.15714285714285717
14 0.15714285714285717
8 0.15714285714285717
8 0.15714285714285717
8 0.15714285714285717
8 0.15714285714285717
11 0.15714285714285717
11 0.15714285714285717
11 0.15714285714285717
11 0.15714285714285717
11 0.15714285714285717
11 0.15714285714285717
11 0.15714285714285717
8 0.15714285714285717
8 0.15714285714285717
7 0.15714285714285717
9 0.15714285714285717
9 0.15714285714285717
9 0.15714285714285717
9 0.15714285714285717
9 0.15714285714285717
239 0.15
19 0.14285714285714285
14 0.14285714285714285
19 0.14285714285714285
15 0.14285714285714285
23 0.14285714285714285
15 0.14285714285714285
240 0.14
240 0.14
240 0.14
240 0.14
240 0.14
240 0.14
11 0.1375
11 0.1375
11 0.1375
11 0.1375
12 0.1375
12 0.1375
10 0.1375
13 0.1375
11 0.1375
11 0.1375
8 0.1375
8 0.1375
8 0.1375
8 0.1375
9 0.1375
9 0.1375
7 0.1375
10 0.1375
8 0.1375
8 0.1375
20 0.1375
15 0.1375
20 0.1375
15 0.1375
20 0.1375
15 0.1375
20 0.1375
15 0.1375
9 0.1375
9 0.1375
9 0.1375
10 0.1375
10 0.1375
9 0.1375
17 0.1375
17 0.1375
10 0.1375
19 0.1375
17 0.1375
12 0.1375
12 0.1375
7 0.1375
7 0.1375
7 0.1375
7 0.1375
7 0.1375
7 0.1375
22 0.1375
20 0.1375
13 0.1375
13 0.1375
18 0.1375
18 0.1375
18 0.1375
18 0.1375
19 0.1375
19 0.1375
17 0.1375
20 0.1375
18 0.1375
18 0.1375
12 0.1375
10 0.1375
11 0.1375
11 0.1375
16 0.1375
11 0.1375
11 0.1375
15 0.1375
66 0.1375
66 0.1375
66 0.1375
66 0.1375
67 0.1375
67 0.1375
65 0.1375
68 0.1375
66 0.1375
66 0.1375
13 0.1375
13 0.1375
13 0.1375
13 0.1375
13 0.1375
10 0.1375
10 0.1375
10 0.1375
10 0.1375
11 0.1375
11 0.1375
9 0.1375
12 0.1375
10 0.1375
10 0.1375
10 0.1375
14 0.1375
14 0.1375
14 0.1375
13 0.1375
11 0.1375
11 0.1375
15 0.1375
15 0.1375
15 0.1375
15 0.1375
15 0.1375
7 0.1375
7 0.1375
7 0.1375
15 0.125
15 0.125
19 0.125
26 0.12222222222222223
16 0.12222222222222223
16 0.12222222222222223
16 0.12222222222222223
16 0.12222222222222223
20 0.12222222222222223
20 0.12222222222222223
20 0.12222222222222223
20 0.12222222222222223
20 0.12222222222222223
28 0.12222222222222223
25 0.12222222222222223
24 0.12222222222222223
24 0.12222222222222223
25 0.12222222222222223
28 0.12222222222222223
18 0.12222222222222223
23 0.12222222222222223
18 0.12222222222222223
29 0.12222222222222223
26 0.12222222222222223
25 0.12222222222222223
25 0.12222222222222223
26 0.12222222222222223
29 0.12222222222222223
10 0.12222222222222223
11 0.12222222222222223
14 0.12222222222222223
14 0.12222222222222223
29 0.12222222222222223
26 0.12222222222222223
25 0.12222222222222223
25 0.12222222222222223
26 0.12222222222222223
29 0.12222222222222223
12 0.12222222222222223
16 0.12222222222222223
16 0.12222222222222223
16 0.12222222222222223
16 0.12222222222222223
16 0.12222222222222223
16 0.12222222222222223
16 0.12222222222222223
11 0.12222222222222223
15 0.12222222222222223
15 0.12222222222222223
15 0.12222222222222223
28 0.12222222222222223
25 0.12222222222222223
29 0.12222222222222223
19 0.12222222222222223
25 0.12222222222222223
25 0.12222222222222223
26 0.12222222222222223
12 0.12222222222222223
233 0.12222222222222223
231 0.12222222222222223
9 0.12222222222222223
9 0.12222222222222223
9 0.12222222222222223
9 0.12222222222222223
10 0.12222222222222223
10 0.12222222222222223
8 0.12222222222222223
11 0.12222222222222223
9 0.12222222222222223
9 0.12222222222222223
18 0.11000000000000001
19 0.11000000000000001
30 0.11000000000000001
27 0.11000000000000001
26 0.11000000000000001
26 0.11000000000000001
27 0.11000000000000001
30 0.11000000000000001
31 0.11000000000000001
21 0.11000000000000001
27 0.11000000000000001
27 0.11000000000000001
28 0.11000000000000001
14 0.11000000000000001
30 0.11000000000000001
20 0.11000000000000001
26 0.11000000000000001
26 0.11000000000000001
27 0.11000000000000001
13 0.11000000000000001
27 0.11000000000000001
40 0.1
2 0.1
1 0.1
1 0.1
1 0.1
1 0.1
2 0.1
1 0.1
1 0.1
1 0.1
1 0.1
2 0.1
1 0.1
1 0.1
1 0.1
1 0.1
2 0.1
26 0.1
42 0.1
1 0.1
1 0.1
1 0.1
1 0.1
1 0.1
14 0.1
1 0.1
1 0.1
1 0.1
27 0.1
43 0.1
1 0.1
1 0.1
2 0.1
1 0.1
1 0.1
1 0.1
1 0.1
1 0.1
1 0.1
1 0.1
27 0.1
43 0.1
1 0.1
1 0.1
1 0.1
8 0.1
1 0.1
1 0.1
1 0.1
1 0.1
1 0.1
1 0.1
31 0.1
28 0.1
27 0.1
27 0.1
28 0.1
31 0.1
1 0.1
1 0.1
5 0.1
1 0.1
1 0.1
1 0.1
1 0.1
1 0.1
1 0.1
1 0.1
1 0.1
1 0.1
1 0.1
1 0.1
1 0.1
1 0.1
1 0.1
1 0.1
1 0.1
1 0.1
1 0.1
1 0.1
1 0.1
1 0.1
1 0.1
1 0.1
1 0.1
1 0.1
1 0.1
1 0.1
1 0.1
1 0.1
1 0.1
1 0.1
1 0.1
1 0.1
1 0.1
1 0.1
1 0.1
1 0.1
26 0.1
42 0.1
20 0.1
27 0.1
43 0.1
1 0.1
1 0.1
1 0.1
1 0.1
1 0.1
1 0.1
1 0.1
33 0.1
30 0.1
29 0.1
29 0.1
30 0.1
33 0.1
236 0.1
236 0.1
236 0.1
236 0.1
236 0.1
1 0.1
2 0.1
1 0.1
1 0.1
3 0.1
1 0.1
1 0.1
1 0.1
3 0.1
30 0.09166666666666667
45 0.09166666666666667
27 0.09166666666666667
42 0.09166666666666667
38 0.09166666666666667
35 0.09166666666666667
34 0.09166666666666667
34 0.09166666666666667
35 0.09166666666666667
38 0.09166666666666667
38 0.09166666666666667
39 0.09166666666666667
28 0.09166666666666667
44 0.09166666666666667
52 0.09166666666666667
39 0.09166666666666667
22 0.09166666666666667
29 0.09166666666666667
45 0.09166666666666667
21 0.09166666666666667
28 0.09166666666666667
44 0.09166666666666667
100 0.09166666666666667
29 0.09166666666666667
16 0.09166666666666667
41 0.09166666666666667
37 0.08461538461538462
36 0.08461538461538462
36 0.08461538461538462
37 0.08461538461538462
40 0.08461538461538462
39 0.08461538461538462
39 0.08461538461538462
40 0.08461538461538462
40 0.08461538461538462
30 0.08461538461538462
29 0.08461538461538462
29 0.08461538461538462
30 0.08461538461538462
18 0.08461538461538462
39 0.08461538461538462
17 0.08461538461538462
29 0.08461538461538462
45 0.08461538461538462
31 0.08461538461538462
47 0.08461538461538462
28 0.08461538461538462
43 0.08461538461538462
52 0.07857142857142858
41 0.07857142857142858
43 0.07857142857142858
254 0.07857142857142858
251 0.07857142857142858
250 0.07857142857142858
250 0.07857142857142858
251 0.07857142857142858
254 0.07857142857142858
43 0.07333333333333333
41 0.07333333333333333
41 0.07333333333333333
252 0.06875
268 0.06875
264 0.06470588235294118
4 0.05
1 0.05
1 0.05
1 0.05
1 0.05
1 0.05
1 0.05
1 0.05
1 0.05
1 0.05
1 0.05
1 0.05
1 0.05
1 0.05
1 0.05
1 0.05
1 0.05
1 0.05
1 0.05
1 0.05
1 0.05
1 0.05
1 0.05
1 0.05
1 0.05
1 0.05
1 0.05
1 0.05
1 0.05
1 0.05
1 0.05
1 0.05
27 0.05
3 0.05
3 0.05
1 0.05
1 0.05
2 0.05
1 0.05
1 0.05
1 0.05
1 0.05
1 0.05
1 0.05
1 0.05
1 0.05
1 0.05
1 0.05
1 0.05
1 0.05
1 0.05
1 0.05
2 0.05
2 0.05
1 0.05
9 0.05
1 0.05
1 0.05
1 0.05
1 0.05
1 0.05
1 0.05
1 0.05
3 0.05
1 0.05
1 0.05
2 0.05
2 0.03333333333333333
2 0.03333333333333333
3 0.03333333333333333
5 0.03333333333333333
5 0.03333333333333333
5 0.03333333333333333
5 0.03333333333333333
3 0.03333333333333333
2 0.03333333333333333
2 0.03333333333333333
9 0.03333333333333333
2 0.03333333333333333
2 0.03333333333333333
5 0.03333333333333333
8 0.03333333333333333
4 0.03333333333333333
4 0.03333333333333333
4 0.03333333333333333
4 0.03333333333333333
4 0.03333333333333333
4 0.03333333333333333
4 0.03333333333333333
2 0.03333333333333333
2 0.03333333333333333
2 0.03333333333333333
2 0.03333333333333333
2 0.03333333333333333
2 0.03333333333333333
2 0.03333333333333333
4 0.03333333333333333
2 0.03333333333333333
2 0.03333333333333333
2 0.03333333333333333
2 0.03333333333333333
2 0.03333333333333333
2 0.03333333333333333
2 0.03333333333333333
2 0.03333333333333333
2 0.03333333333333333
4 0.03333333333333333
2 0.03333333333333333
2 0.03333333333333333
3 0.03333333333333333
3 0.03333333333333333
3 0.03333333333333333
3 0.03333333333333333
3 0.03333333333333333
3 0.03333333333333333
3 0.03333333333333333
5 0.03333333333333333
3 0.03333333333333333
3 0.03333333333333333
3 0.03333333333333333
3 0.03333333333333333
3 0.03333333333333333
3 0.03333333333333333
3 0.03333333333333333
9 0.03333333333333333
4 0.03333333333333333
4 0.03333333333333333
2 0.03333333333333333
5 0.03333333333333333
3 0.03333333333333333
2 0.03333333333333333
2 0.03333333333333333
2 0.03333333333333333
2 0.03333333333333333
2 0.03333333333333333
2 0.03333333333333333
2 0.03333333333333333
2 0.03333333333333333
2 0.03333333333333333
2 0.03333333333333333
4 0.03333333333333333
4 0.03333333333333333
4 0.03333333333333333
4 0.03333333333333333
4 0.03333333333333333
12 0.03333333333333333
2 0.03333333333333333
2 0.03333333333333333
2 0.03333333333333333
12 0.03333333333333333
2 0.03333333333333333
9 0.03333333333333333
2 0.03333333333333333
2 0.03333333333333333
2 0.03333333333333333
2 0.03333333333333333
2 0.03333333333333333
6 0.03333333333333333
2 0.03333333333333333
6 0.03333333333333333
2 0.03333333333333333
3 0.03333333333333333
3 0.03333333333333333
3 0.03333333333333333
3 0.03333333333333333
3 0.03333333333333333
3 0.03333333333333333
3 0.03333333333333333
5 0.03333333333333333
3 0.03333333333333333
3 0.03333333333333333
2 0.03333333333333333
2 0.03333333333333333
2 0.03333333333333333
2 0.03333333333333333
2 0.03333333333333333
2 0.03333333333333333
3 0.03333333333333333
3 0.03333333333333333
4 0.03333333333333333
3 0.03333333333333333
3 0.03333333333333333
3 0.03333333333333333
3 0.03333333333333333
3 0.03333333333333333
3 0.03333333333333333
3 0.03333333333333333
3 0.03333333333333333
3 0.03333333333333333
3 0.03333333333333333
3 0.03333333333333333
3 0.03333333333333333
3 0.03333333333333333
3 0.03333333333333333
3 0.03333333333333333
3 0.03333333333333333
3 0.03333333333333333
2 0.03333333333333333
2 0.03333333333333333
3 0.03333333333333333
3 0.03333333333333333
3 0.03333333333333333
3 0.03333333333333333
3 0.03333333333333333
3 0.03333333333333333
3 0.03333333333333333
3 0.03333333333333333
3 0.03333333333333333
3 0.03333333333333333
3 0.03333333333333333
3 0.03333333333333333
3 0.03333333333333333
3 0.03333333333333333
3 0.03333333333333333
3 0.03333333333333333
3 0.03333333333333333
3 0.03333333333333333
60 0.03333333333333333
10 0.03333333333333333
17 0.03333333333333333
10 0.03333333333333333
10 0.03333333333333333
10 0.03333333333333333
3 0.03333333333333333
2 0.03333333333333333
2 0.03333333333333333
2 0.03333333333333333
2 0.03333333333333333
2 0.03333333333333333
2 0.03333333333333333
2 0.03333333333333333
2 0.03333333333333333
2 0.03333333333333333
2 0.03333333333333333
4 0.03333333333333333
4 0.03333333333333333
11 0.03333333333333333
4 0.03333333333333333
4 0.03333333333333333
4 0.03333333333333333
3 0.03333333333333333
3 0.03333333333333333
3 0.03333333333333333
3 0.03333333333333333
3 0.03333333333333333
3 0.03333333333333333
3 0.03333333333333333
4 0.03333333333333333
2 0.03333333333333333
2 0.03333333333333333
2 0.03333333333333333
2 0.03333333333333333
2 0.03333333333333333
2 0.03333333333333333
2 0.03333333333333333
2 0.03333333333333333
2 0.03333333333333333
2 0.03333333333333333
2 0.03333333333333333
17 0.025
7 0.025
4 0.025
10 0.025
9 0.025
9 0.025
9 0.025
9 0.025
9 0.025
9 0.025
9 0.025
9 0.025
9 0.025
9 0.025
3 0.025
3 0.025
3 0.025
4 0.025
3 0.025
3 0.025
3 0.025
3 0.025
4 0.025
4 0.025
4 0.025
10 0.025
10 0.025
10 0.025
10 0.025
10 0.025
10 0.025
10 0.025
10 0.025
46 0.025
10 0.025
10 0.025
10 0.025
10 0.025
6 0.025
3 0.025
3 0.025
3 0.025
3 0.025
3 0.025
5 0.025
5 0.025
5 0.025
5 0.025
3 0.025
3 0.025
3 0.025
5 0.025
5 0.025
13 0.025
13 0.025
13 0.025
13 0.025
13 0.025
13 0.025
13 0.025
13 0.025
49 0.025
13 0.025
13 0.025
13 0.025
13 0.025
4 0.025
4 0.025
4 0.025
4 0.025
4 0.025
4 0.025
4 0.025
6 0.025
4 0.025
4 0.025
5 0.025
5 0.025
5 0.025
5 0.025
3 0.025
14 0.025
3 0.025
3 0.025
3 0.025
3 0.025
3 0.025
3 0.025
3 0.025
21 0.025
3 0.025
3 0.025
8 0.025
8 0.025
4 0.025
4 0.025
4 0.025
3 0.025
3 0.025
3 0.025
3 0.025
3 0.025
3 0.025
3 0.025
3 0.025
3 0.025
3 0.025
4 0.025
3 0.025
21 0.025
3 0.025
3 0.025
3 0.025
3 0.025
5 0.025
5 0.025
5 0.025
5 0.025
5 0.025
5 0.025
5 0.025
5 0.025
7 0.025
7 0.025
7 0.025
7 0.025
7 0.025
4 0.025
3 0.025
3 0.025
4 0.025
7 0.025
7 0.025
7 0.025
7 0.025
7 0.025
7 0.025
4 0.025
3 0.025
3 0.025
4 0.025
7 0.025
7 0.025
7 0.025
7 0.025
7 0.025
7 0.025
4 0.025
3 0.025
3 0.025
4 0.025
7 0.025
4 0.025
4 0.025
4 0.025
4 0.025
4 0.025
4 0.025
4 0.025
11 0.025
62 0.025
3 0.025
3 0.025
3 0.025
6 0.025
5 0.025
5 0.025
5 0.025
4 0.025
3 0.025
3 0.025
10 0.025
3 0.025
3 0.025
10 0.02
10 0.02
10 0.02
5 0.02
18 0.02
8 0.02
8 0.02
6 0.02
5 0.02
6 0.02
23 0.02
12 0.02
27 0.02
27 0.02
5 0.02
5 0.02
5 0.02
5 0.02
5 0.02
6 0.02
6 0.02
6 0.02
6 0.02
6 0.02
6 0.02
6 0.02
6 0.02
26 0.02
26 0.02
27 0.02
6 0.02
24 0.02
6 0.02
6 0.02
6 0.02
6 0.02
7 0.02
5 0.02
5 0.02
26 0.02
15 0.02
5 0.02
5 0.02
5 0.02
4 0.02
4 0.02
6 0.02
4 0.02
12 0.02
5 0.02
6 0.02
4 0.02
12 0.02
5 0.02
4 0.02
8 0.02
8 0.02
8 0.02
8 0.02
8 0.02
8 0.02
8 0.02
4 0.02
4 0.02
8 0.02
44 0.02
8 0.02
8 0.02
8 0.02
8 0.02
4 0.02
8 0.02
8 0.02
8 0.02
8 0.02
8 0.02
8 0.02
8 0.02
4 0.02
4 0.02
8 0.02
44 0.02
8 0.02
8 0.02
8 0.02
8 0.02
4 0.02
8 0.02
8 0.02
8 0.02
8 0.02
8 0.02
8 0.02
8 0.02
4 0.02
4 0.02
44 0.02
8 0.02
8 0.02
9 0.02
9 0.02
12 0.02
5 0.02
5 0.02
5 0.02
5 0.02
5 0.02
5 0.02
5 0.02
7 0.02
5 0.02
5 0.02
7 0.02
7 0.02
7 0.02
7 0.02
7 0.02
7 0.02
7 0.02
9 0.02
7 0.02
7 0.02
224 0.02
224 0.02
224 0.02
224 0.02
224 0.02
224 0.02
224 0.02
226 0.02
224 0.02
224 0.02
224 0.02
224 0.02
224 0.02
224 0.02
224 0.02
224 0.02
224 0.02
5 0.02
27 0.016666666666666666
12 0.016666666666666666
12 0.016666666666666666
12 0.016666666666666666
12 0.016666666666666666
12 0.016666666666666666
12 0.016666666666666666
12 0.016666666666666666
14 0.016666666666666666
12 0.016666666666666666
12 0.016666666666666666
5 0.016666666666666666
12 0.016666666666666666
12 0.016666666666666666
12 0.016666666666666666
19 0.016666666666666666
17 0.016666666666666666
7 0.016666666666666666
28 0.016666666666666666
28 0.016666666666666666
28 0.016666666666666666
28 0.016666666666666666
28 0.016666666666666666
28 0.016666666666666666
28 0.016666666666666666
7 0.016666666666666666
7 0.016666666666666666
8 0.016666666666666666
6 0.016666666666666666
6 0.016666666666666666
15 0.016666666666666666
6 0.016666666666666666
15 0.016666666666666666
15 0.016666666666666666
15 0.016666666666666666
22 0.016666666666666666
20 0.016666666666666666
7 0.016666666666666666
22 0.016666666666666666
5 0.016666666666666666
5 0.016666666666666666
5 0.016666666666666666
12 0.016666666666666666
10 0.016666666666666666
5 0.016666666666666666
5 0.016666666666666666
5 0.016666666666666666
12 0.016666666666666666
5 0.016666666666666666
5 0.016666666666666666
5 0.016666666666666666
9 0.016666666666666666
7 0.016666666666666666
7 0.016666666666666666
5 0.016666666666666666
5 0.016666666666666666
5 0.016666666666666666
21 0.016666666666666666
10 0.016666666666666666
5 0.016666666666666666
5 0.016666666666666666
5 0.016666666666666666
5 0.016666666666666666
21 0.016666666666666666
10 0.016666666666666666
5 0.016666666666666666
5 0.016666666666666666
5 0.016666666666666666
5 0.016666666666666666
21 0.016666666666666666
10 0.016666666666666666
5 0.016666666666666666
70 0.016666666666666666
6 0.016666666666666666
6 0.016666666666666666
6 0.016666666666666666
8 0.016666666666666666
8 0.016666666666666666
8 0.016666666666666666
226 0.016666666666666666
11 0.014285714285714287
8 0.014285714285714287
13 0.014285714285714287
13 0.014285714285714287
13 0.014285714285714287
13 0.014285714285714287
28 0.014285714285714287
14 0.014285714285714287
14 0.014285714285714287
14 0.014285714285714287
14 0.014285714285714287
14 0.014285714285714287
14 0.014285714285714287
14 0.014285714285714287
16 0.014285714285714287
14 0.014285714285714287
14 0.014285714285714287
8 0.014285714285714287
37 0.014285714285714287
9 0.014285714285714287
15 0.014285714285714287
8 0.014285714285714287
17 0.014285714285714287
17 0.014285714285714287
17 0.014285714285714287
17 0.014285714285714287
17 0.014285714285714287
17 0.014285714285714287
17 0.014285714285714287
19 0.014285714285714287
17 0.014285714285714287
17 0.014285714285714287
14 0.014285714285714287
18 0.014285714285714287
7 0.014285714285714287
7 0.014285714285714287
7 0.014285714285714287
7 0.014285714285714287
7 0.014285714285714287
7 0.014285714285714287
7 0.014285714285714287
9 0.014285714285714287
7 0.014285714285714287
7 0.014285714285714287
7 0.014285714285714287
7 0.014285714285714287
7 0.014285714285714287
7 0.014285714285714287
7 0.014285714285714287
9 0.014285714285714287
7 0.014285714285714287
7 0.014285714285714287
10 0.014285714285714287
10 0.014285714285714287
10 0.014285714285714287
17 0.014285714285714287
7 0.014285714285714287
10 0.014285714285714287
10 0.014285714285714287
10 0.014285714285714287
17 0.014285714285714287
7 0.014285714285714287
10 0.014285714285714287
10 0.014285714285714287
10 0.014285714285714287
17 0.014285714285714287
7 0.014285714285714287
22 0.014285714285714287
66 0.014285714285714287
8 0.014285714285714287
10 0.014285714285714287
10 0.014285714285714287
226 0.014285714285714287
226 0.014285714285714287
226 0.014285714285714287
15 0.0125
9 0.0125
9 0.0125
10 0.0125
15 0.0125
15 0.0125
15 0.0125
9 0.0125
9 0.0125
9 0.0125
37 0.0125
9 0.0125
9 0.0125
9 0.0125
18 0.0125
18 0.0125
18 0.0125
8 0.0125
8 0.0125
8 0.0125
10 0.0125
12 0.0125
12 0.0125
12 0.0125
12 0.0125
14 0.0125
12 0.0125
12 0.0125
12 0.0125
12 0.0125
12 0.0125
12 0.0125
14 0.0125
12 0.0125
12 0.0125
12 0.0125
12 0.0125
12 0.0125
12 0.0125
14 0.0125
12 0.0125
12 0.0125
228 0.0125
228 0.0125
228 0.0125
228 0.0125
228 0.0125
228 0.0125
228 0.0125
230 0.0125
228 0.0125
228 0.0125
9 0.0125
17 0.011111111111111112
11 0.011111111111111112
11 0.011111111111111112
11 0.011111111111111112
11 0.011111111111111112
11 0.011111111111111112
13 0.011111111111111112
11 0.011111111111111112
11 0.011111111111111112
20 0.011111111111111112
11 0.011111111111111112
10 0.011111111111111112
229 0.011111111111111112
229 0.011111111111111112
229 0.011111111111111112
12 0.01
11 0.01
11 0.01
11 0.01
11 0.01
12 0.01
14 0.01
231 0.01
19 0.009090909090909092
21 0.008333333333333335
15 0.008333333333333335
24 0.008333333333333335
14 0.008333333333333335
235 0.007692307692307694
