1 1.002
1 1.002
1 1.002
1 1.002
1 1.002
1 1.002
1 1.002
1 1.002
1 1.002
1 1.002
1 1.002
1 1.001
1 1.001
1 1.001
1 1.001
1 1.001
1 1.001
1 1.001
1 1.001
1 1.001
2 0.6673333333333332
2 0.6673333333333332
2 0.6673333333333332
2 0.6673333333333332
2 0.6673333333333332
2 0.6673333333333332
2 0.6673333333333332
2 0.6673333333333332
2 0.6673333333333332
2 0.6673333333333332
2 0.6673333333333332
2 0.6673333333333332
2 0.6673333333333332
2 0.6673333333333332
2 0.6673333333333332
2 0.6673333333333332
2 0.6673333333333332
2 0.6673333333333332
2 0.6673333333333332
2 0.6673333333333332
2 0.6673333333333332
2 0.6673333333333332
2 0.6673333333333332
2 0.6673333333333332
2 0.6673333333333332
2 0.6673333333333332
2 0.6673333333333332
2 0.6673333333333332
2 0.6673333333333332
2 0.6673333333333332
2 0.6673333333333332
2 0.6673333333333332
2 0.6673333333333332
2 0.6673333333333332
2 0.6673333333333332
2 0.6673333333333332
2 0.6673333333333332
2 0.6673333333333332
2 0.6673333333333332
2 0.6673333333333332
2 0.6673333333333332
2 0.6673333333333332
2 0.6673333333333332
2 0.6673333333333332
2 0.6673333333333332
2 0.6673333333333332
2 0.6673333333333332
2 0.6673333333333332
2 0.6673333333333332
2 0.6673333333333332
2 0.6673333333333332
2 0.6673333333333332
2 0.6673333333333332
2 0.6673333333333332
2 0.6673333333333332
2 0.6673333333333332
2 0.6673333333333332
2 0.6673333333333332
2 0.6673333333333332
2 0.6673333333333332
7 0.6003999999999999
7 0.6003999999999999
7 0.6003999999999999
2 0.501
1 0.501
2 0.501
1 0.501
2 0.501
1 0.501
2 0.501
1 0.501
2 0.501
2 0.501
3 0.501
2 0.501
1 0.501
1 0.501
2 0.501
1 0.501
1 0.501
1 0.501
2 0.501
1 0.501
2 0.501
2 0.501
3 0.501
2 0.501
1 0.501
1 0.501
1 0.501
1 0.501
1 0.501
1 0.501
1 0.501
1 0.501
1 0.501
1 0.501
1 0.501
1 0.501
1 0.501
1 0.501
2 0.501
2 0.501
2 0.501
2 0.501
2 0.501
2 0.501
2 0.501
2 0.501
2 0.501
2 0.501
2 0.501
2 0.501
1 0.501
1 0.501
1 0.501
1 0.501
1 0.501
1 0.501
1 0.501
1 0.501
1 0.501
1 0.501
1 0.501
1 0.501
1 0.501
1 0.501
1 0.501
2 0.501
2 0.501
3 0.501
2 0.501
1 0.501
1 0.501
2 0.501
1 0.501
5 0.5005
5 0.5005
5 0.5005
5 0.5005
5 0.5005
5 0.5005
9 0.5005
7 0.5005
4 0.5005
4 0.5005
4 0.5005
8 0.5005
6 0.5005
3 0.5005
3 0.5005
3 0.5005
8 0.5005
6 0.5005
3 0.5005
3 0.5005
3 0.5005
9 0.5005
7 0.5005
4 0.5005
4 0.5005
4 0.5005
4 0.5005
4 0.5005
3 0.5005
4 0.5005
4 0.5005
4 0.5005
4 0.5005
4 0.5005
4 0.5005
4 0.5005
6 0.5005
6 0.5005
6 0.5005
6 0.5005
6 0.5005
4 0.5005
4 0.5005
3 0.5005
4 0.5005
4 0.5005
4 0.5005
4 0.5005
4 0.5005
4 0.5005
4 0.5005
8 0.5005
8 0.5005
8 0.5005
8 0.5005
8 0.5005
4 0.5005
4 0.5005
3 0.5005
4 0.5005
4 0.5005
4 0.5005
4 0.5005
4 0.5005
4 0.5005
4 0.5005
8 0.5005
8 0.5005
8 0.5005
8 0.5005
8 0.5005
3 0.5005
3 0.5005
3 0.5005
9 0.5005
7 0.5005
4 0.5005
4 0.5005
4 0.5005
8 0.5005
6 0.5005
13 0.4288571428571428
13 0.4288571428571428
13 0.4288571428571428
13 0.4288571428571428
13 0.4288571428571428
12 0.4288571428571428
12 0.4288571428571428
12 0.4288571428571428
12 0.4288571428571428
12 0.4288571428571428
12 0.4288571428571428
12 0.4288571428571428
12 0.4288571428571428
12 0.4288571428571428
12 0.4288571428571428
13 0.4288571428571428
13 0.4288571428571428
13 0.4288571428571428
13 0.4288571428571428
13 0.4288571428571428
13 0.4288571428571428
13 0.4288571428571428
13 0.4288571428571428
13 0.4288571428571428
13 0.4288571428571428
10 0.4288571428571428
10 0.4288571428571428
9 0.4288571428571428
10 0.4288571428571428
10 0.4288571428571428
10 0.4288571428571428
10 0.4288571428571428
10 0.4288571428571428
10 0.4288571428571428
10 0.4288571428571428
12 0.4288571428571428
12 0.4288571428571428
12 0.4288571428571428
12 0.4288571428571428
12 0.4288571428571428
5 0.4004
5 0.4004
4 0.4004
4 0.4004
5 0.4004
5 0.4004
5 0.4004
5 0.4004
5 0.4004
5 0.4004
5 0.4004
5 0.4004
5 0.4004
4 0.4004
4 0.4004
5 0.4004
5 0.4004
5 0.4004
5 0.4004
5 0.4004
5 0.4004
5 0.4004
5 0.4004
5 0.4004
4 0.4004
4 0.4004
5 0.4004
5 0.4004
5 0.4004
5 0.4004
5 0.4004
5 0.4004
5 0.4004
5 0.4004
5 0.4004
4 0.4004
4 0.4004
5 0.4004
5 0.4004
5 0.4004
5 0.4004
5 0.4004
5 0.4004
5 0.4004
5 0.4004
5 0.4004
4 0.4004
4 0.4004
5 0.4004
5 0.4004
