1 1.002
1 1.002
1 1.002
1 1.002
1 1.002
1 1.002
1 1.002
1 1.002
1 1.002
1 1.002
1 1.002
2 1.001
2 1.001
2 1.001
3 1.001
3 1.001
3 1.001
3 1.001
3 1.001
3 1.001
4 0.6673333333333332
4 0.6673333333333332
4 0.6673333333333332
4 0.6673333333333332
4 0.6673333333333332
4 0.6673333333333332
4 0.6673333333333332
4 0.6673333333333332
4 0.6673333333333332
4 0.6673333333333332
4 0.6673333333333332
4 0.6673333333333332
4 0.6673333333333332
4 0.6673333333333332
4 0.6673333333333332
4 0.6673333333333332
4 0.6673333333333332
4 0.6673333333333332
3 0.6673333333333332
4 0.6673333333333332
4 0.6673333333333332
4 0.6673333333333332
4 0.6673333333333332
4 0.6673333333333332
4 0.6673333333333332
4 0.6673333333333332
4 0.6673333333333332
4 0.6673333333333332
4 0.6673333333333332
4 0.6673333333333332
4 0.6673333333333332
4 0.6673333333333332
4 0.6673333333333332
4 0.6673333333333332
4 0.6673333333333332
4 0.6673333333333332
4 0.6673333333333332
4 0.6673333333333332
4 0.6673333333333332
4 0.6673333333333332
4 0.6673333333333332
4 0.6673333333333332
4 0.6673333333333332
4 0.6673333333333332
4 0.6673333333333332
4 0.6673333333333332
4 0.6673333333333332
4 0.6673333333333332
5 0.6673333333333332
5 0.6673333333333332
5 0.6673333333333332
5 0.6673333333333332
5 0.6673333333333332
5 0.6673333333333332
5 0.6673333333333332
5 0.6673333333333332
5 0.6673333333333332
5 0.6673333333333332
5 0.6673333333333332
5 0.6673333333333332
8 0.6003999999999999
8 0.6003999999999999
8 0.6003999999999999
2 0.501
3 0.501
2 0.501
3 0.501
2 0.501
3 0.501
2 0.501
3 0.501
4 0.501
3 0.501
5 0.501
4 0.501
3 0.501
2 0.501
4 0.501
3 0.501
3 0.501
2 0.501
4 0.501
3 0.501
4 0.501
3 0.501
5 0.501
4 0.501
3 0.501
3 0.501
3 0.501
3 0.501
3 0.501
3 0.501
2 0.501
3 0.501
3 0.501
3 0.501
3 0.501
3 0.501
3 0.501
2 0.501
2 0.501
2 0.501
2 0.501
2 0.501
2 0.501
2 0.501
1 0.501
2 0.501
2 0.501
2 0.501
2 0.501
2 0.501
2 0.501
1 0.501
2 0.501
2 0.501
2 0.501
2 0.501
1 0.501
2 0.501
2 0.501
2 0.501
3 0.501
2 0.501
3 0.501
3 0.501
3 0.501
2 0.501
1 0.501
3 0.501
2 0.501
2 0.501
1 0.501
3 0.501
3 0.501
6 0.5005
6 0.5005
6 0.5005
6 0.5005
6 0.5005
6 0.5005
7 0.5005
8 0.5005
7 0.5005
7 0.5005
6 0.5005
6 0.5005
7 0.5005
6 0.5005
6 0.5005
5 0.5005
6 0.5005
7 0.5005
6 0.5005
6 0.5005
5 0.5005
7 0.5005
8 0.5005
7 0.5005
7 0.5005
6 0.5005
5 0.5005
5 0.5005
4 0.5005
5 0.5005
5 0.5005
5 0.5005
5 0.5005
5 0.5005
5 0.5005
5 0.5005
7 0.5005
6 0.5005
7 0.5005
7 0.5005
7 0.5005
6 0.5005
6 0.5005
5 0.5005
6 0.5005
6 0.5005
6 0.5005
6 0.5005
6 0.5005
6 0.5005
6 0.5005
6 0.5005
5 0.5005
6 0.5005
6 0.5005
6 0.5005
6 0.5005
6 0.5005
5 0.5005
6 0.5005
6 0.5005
6 0.5005
6 0.5005
6 0.5005
6 0.5005
6 0.5005
6 0.5005
5 0.5005
6 0.5005
6 0.5005
6 0.5005
5 0.5005
5 0.5005
5 0.5005
5 0.5005
6 0.5005
5 0.5005
5 0.5005
4 0.5005
5 0.5005
6 0.5005
14 0.4288571428571428
13 0.4288571428571428
14 0.4288571428571428
14 0.4288571428571428
14 0.4288571428571428
13 0.4288571428571428
12 0.4288571428571428
13 0.4288571428571428
13 0.4288571428571428
13 0.4288571428571428
13 0.4288571428571428
12 0.4288571428571428
13 0.4288571428571428
13 0.4288571428571428
13 0.4288571428571428
14 0.4288571428571428
13 0.4288571428571428
14 0.4288571428571428
14 0.4288571428571428
14 0.4288571428571428
12 0.4288571428571428
11 0.4288571428571428
12 0.4288571428571428
12 0.4288571428571428
12 0.4288571428571428
11 0.4288571428571428
11 0.4288571428571428
10 0.4288571428571428
11 0.4288571428571428
11 0.4288571428571428
11 0.4288571428571428
11 0.4288571428571428
11 0.4288571428571428
11 0.4288571428571428
11 0.4288571428571428
12 0.4288571428571428
11 0.4288571428571428
12 0.4288571428571428
12 0.4288571428571428
12 0.4288571428571428
8 0.4004
8 0.4004
7 0.4004
7 0.4004
8 0.4004
8 0.4004
8 0.4004
8 0.4004
8 0.4004
8 0.4004
8 0.4004
8 0.4004
8 0.4004
7 0.4004
7 0.4004
8 0.4004
8 0.4004
8 0.4004
8 0.4004
8 0.4004
8 0.4004
8 0.4004
8 0.4004
8 0.4004
7 0.4004
7 0.4004
8 0.4004
8 0.4004
8 0.4004
8 0.4004
8 0.4004
8 0.4004
8 0.4004
8 0.4004
8 0.4004
7 0.4004
7 0.4004
8 0.4004
8 0.4004
8 0.4004
8 0.4004
8 0.4004
8 0.4004
8 0.4004
8 0.4004
8 0.4004
7 0.4004
7 0.4004
8 0.4004
8 0.4004
8 0.4004
8 0.4004
8 0.4004
8 0.4004
8 0.4004
8 0.4004
8 0.4004
7 0.4004
7 0.4004
8 0.4004
8 0.4004
8 0.4004
8 0.4004
8 0.4004
8 0.4004
8 0.4004
7 0.4004
7 0.4004
7 0.4004
7 0.4004
7 0.4004
7 0.4004
8 0.4004
8 0.4004
7 0.4004
8 0.4004
8 0.4004
8 0.4004
8 0.4004
8 0.4004
8 0.4004
8 0.4004
9 0.4004
8 0.4004
9 0.4004
9 0.4004
9 0.4004
8 0.4004
8 0.4004
7 0.4004
8 0.4004
8 0.4004
8 0.4004
8 0.4004
8 0.4004
8 0.4004
8 0.4004
9 0.4004
8 0.4004
9 0.4004
9 0.4004
9 0.4004
8 0.4004
8 0.4004
7 0.4004
8 0.4004
8 0.4004
8 0.4004
8 0.4004
8 0.4004
8 0.4004
8 0.4004
9 0.4004
8 0.4004
9 0.4004
9 0.4004
9 0.4004
8 0.4004
8 0.4004
7 0.4004
8 0.4004
8 0.4004
8 0.4004
8 0.4004
8 0.4004
8 0.4004
8 0.4004
9 0.4004
8 0.4004
9 0.4004
9 0.4004
9 0.4004
7 0.4004
7 0.4004
7 0.4004
7 0.4004
7 0.4004
7 0.4004
8 0.4004
8 0.4004
8 0.4004
5 0.4004
5 0.4004
5 0.4004
6 0.4004
6 0.4004
6 0.4004
6 0.4004
6 0.4004
6 0.4004
8 0.4004
8 0.4004
8 0.4004
6 0.4004
6 0.4004
6 0.4004
6 0.4004
6 0.4004
6 0.4004
7 0.4004
7 0.4004
7 0.4004
7 0.4004
7 0.4004
7 0.4004
9 0.4004
9 0.4004
9 0.4004
8 0.4004
8 0.4004
8 0.4004
8 0.4004
8 0.4004
8 0.4004
7 0.4004
4 0.334
4 0.334
3 0.334
3 0.334
4 0.334
4 0.334
4 0.334
4 0.334
4 0.334
4 0.334
4 0.334
4 0.334
3 0.334
3 0.334
3 0.334
5 0.334
5 0.334
5 0.334
5 0.334
5 0.334
5 0.334
4 0.334
5 0.334
5 0.334
5 0.334
5 0.334
5 0.334
5 0.334
4 0.334
5 0.334
5 0.334
5 0.334
5 0.334
5 0.334
5 0.334
4 0.334
5 0.334
5 0.334
5 0.334
5 0.334
5 0.334
5 0.334
4 0.334
3 0.334
4 0.334
3 0.334
4 0.334
7 0.334
7 0.334
7 0.334
7 0.334
5 0.334
5 0.334
5 0.334
5 0.334
4 0.334
4 0.334
5 0.334
7 0.334
7 0.334
5 0.334
5 0.334
5 0.334
5 0.334
5 0.334
5 0.334
5 0.334
5 0.334
4 0.334
5 0.334
6 0.334
6 0.334
6 0.334
6 0.334
4 0.334
4 0.334
4 0.334
4 0.334
3 0.334
3 0.334
4 0.334
6 0.334
6 0.334
4 0.334
4 0.334
4 0.334
4 0.334
4 0.334
4 0.334
4 0.334
4 0.334
3 0.334
4 0.334
6 0.334
6 0.334
6 0.334
6 0.334
4 0.334
4 0.334
4 0.334
4 0.334
3 0.334
3 0.334
4 0.334
6 0.334
6 0.334
4 0.334
4 0.334
4 0.334
4 0.334
4 0.334
4 0.334
4 0.334
4 0.334
3 0.334
4 0.334
7 0.334
7 0.334
7 0.334
7 0.334
5 0.334
5 0.334
5 0.334
5 0.334
4 0.334
4 0.334
5 0.334
7 0.334
7 0.334
5 0.334
5 0.334
5 0.334
5 0.334
5 0.334
5 0.334
5 0.334
5 0.334
4 0.334
5 0.334
4 0.334
6 0.334
4 0.334
4 0.334
5 0.334
5 0.334
5 0.334
5 0.334
5 0.334
4 0.334
6 0.334
3 0.334
3 0.334
4 0.334
4 0.334
4 0.334
4 0.334
4 0.334
3 0.334
5 0.334
3 0.334
3 0.334
4 0.334
4 0.334
4 0.334
4 0.334
4 0.334
4 0.334
5 0.334
5 0.334
5 0.334
5 0.334
3 0.334
3 0.334
3 0.334
3 0.334
2 0.334
2 0.334
3 0.334
5 0.334
5 0.334
3 0.334
3 0.334
3 0.334
3 0.334
3 0.334
3 0.334
3 0.334
3 0.334
2 0.334
3 0.334
5 0.334
5 0.334
5 0.334
5 0.334
5 0.334
5 0.334
8 0.3336666666666666
8 0.3336666666666666
8 0.3336666666666666
8 0.3336666666666666
8 0.3336666666666666
8 0.3336666666666666
8 0.3336666666666666
8 0.3336666666666666
8 0.3336666666666666
8 0.3336666666666666
8 0.3336666666666666
8 0.3336666666666666
7 0.3336666666666666
7 0.3336666666666666
7 0.3336666666666666
7 0.3336666666666666
8 0.3336666666666666
8 0.3336666666666666
8 0.3336666666666666
8 0.3336666666666666
8 0.3336666666666666
8 0.3336666666666666
8 0.3336666666666666
8 0.3336666666666666
9 0.3336666666666666
9 0.3336666666666666
8 0.3336666666666666
9 0.3336666666666666
9 0.3336666666666666
9 0.3336666666666666
9 0.3336666666666666
9 0.3336666666666666
9 0.3336666666666666
9 0.3336666666666666
10 0.3336666666666666
9 0.3336666666666666
10 0.3336666666666666
10 0.3336666666666666
10 0.3336666666666666
9 0.3336666666666666
9 0.3336666666666666
8 0.3336666666666666
9 0.3336666666666666
9 0.3336666666666666
9 0.3336666666666666
9 0.3336666666666666
9 0.3336666666666666
9 0.3336666666666666
9 0.3336666666666666
10 0.3336666666666666
9 0.3336666666666666
10 0.3336666666666666
10 0.3336666666666666
10 0.3336666666666666
12 0.3336666666666666
12 0.3336666666666666
12 0.3336666666666666
12 0.3336666666666666
12 0.3336666666666666
11 0.3336666666666666
11 0.3336666666666666
11 0.3336666666666666
11 0.3336666666666666
11 0.3336666666666666
11 0.3336666666666666
11 0.3336666666666666
11 0.3336666666666666
11 0.3336666666666666
11 0.3336666666666666
12 0.3336666666666666
12 0.3336666666666666
12 0.3336666666666666
12 0.3336666666666666
12 0.3336666666666666
10 0.3336666666666666
9 0.3336666666666666
9 0.3336666666666666
10 0.3336666666666666
10 0.3336666666666666
10 0.3336666666666666
9 0.3336666666666666
9 0.3336666666666666
9 0.3336666666666666
10 0.3336666666666666
10 0.3336666666666666
10 0.3336666666666666
9 0.3336666666666666
9 0.3336666666666666
8 0.3336666666666666
9 0.3336666666666666
9 0.3336666666666666
9 0.3336666666666666
9 0.3336666666666666
9 0.3336666666666666
9 0.3336666666666666
9 0.3336666666666666
9 0.3336666666666666
9 0.3336666666666666
9 0.3336666666666666
10 0.3336666666666666
10 0.3336666666666666
10 0.3336666666666666
10 0.3336666666666666
10 0.3336666666666666
11 0.3336666666666666
10 0.3336666666666666
10 0.3336666666666666
10 0.3336666666666666
10 0.3336666666666666
10 0.3336666666666666
17 0.33355555555555555
16 0.33355555555555555
16 0.33355555555555555
17 0.33355555555555555
15 0.33355555555555555
15 0.33355555555555555
18 0.30019999999999997
18 0.30019999999999997
18 0.30019999999999997
18 0.30019999999999997
18 0.30019999999999997
18 0.30019999999999997
17 0.30019999999999997
17 0.30019999999999997
17 0.30019999999999997
17 0.30019999999999997
17 0.30019999999999997
17 0.30019999999999997
17 0.30019999999999997
17 0.30019999999999997
17 0.30019999999999997
17 0.30019999999999997
17 0.30019999999999997
17 0.30019999999999997
18 0.30019999999999997
18 0.30019999999999997
18 0.30019999999999997
18 0.30019999999999997
18 0.30019999999999997
18 0.30019999999999997
16 0.30019999999999997
16 0.30019999999999997
16 0.30019999999999997
16 0.30019999999999997
16 0.30019999999999997
16 0.30019999999999997
16 0.30019999999999997
16 0.30019999999999997
16 0.30019999999999997
16 0.30019999999999997
16 0.30019999999999997
16 0.30019999999999997
10 0.286
10 0.286
9 0.286
10 0.286
10 0.286
10 0.286
10 0.286
10 0.286
10 0.286
10 0.286
11 0.286
10 0.286
11 0.286
11 0.286
11 0.286
11 0.286
10 0.286
11 0.286
11 0.286
11 0.286
12 0.286
12 0.286
12 0.286
12 0.286
10 0.286
10 0.286
9 0.286
10 0.286
10 0.286
10 0.286
10 0.286
10 0.286
10 0.286
10 0.286
11 0.286
10 0.286
11 0.286
11 0.286
11 0.286
10 0.286
10 0.286
9 0.286
10 0.286
10 0.286
10 0.286
10 0.286
10 0.286
10 0.286
10 0.286
11 0.286
10 0.286
11 0.286
11 0.286
11 0.286
12 0.286
11 0.286
11 0.286
12 0.286
11 0.286
11 0.286
10 0.286
11 0.286
11 0.286
11 0.286
11 0.286
11 0.286
11 0.286
11 0.286
12 0.286
11 0.286
12 0.286
12 0.286
12 0.286
11 0.286
11 0.286
11 0.286
11 0.286
11 0.286
11 0.286
10 0.286
10 0.286
10 0.286
10 0.286
10 0.286
10 0.286
10 0.286
10 0.286
10 0.286
10 0.286
10 0.286
10 0.286
9 0.286
9 0.286
9 0.286
9 0.286
9 0.286
9 0.286
8 0.286
8 0.286
7 0.286
8 0.286
8 0.286
8 0.286
8 0.286
8 0.286
8 0.286
8 0.286
10 0.286
10 0.286
9 0.286
10 0.286
10 0.286
10 0.286
10 0.286
10 0.286
10 0.286
10 0.286
9 0.286
9 0.286
8 0.286
9 0.286
9 0.286
9 0.286
9 0.286
9 0.286
9 0.286
9 0.286
10 0.286
9 0.286
10 0.286
10 0.286
10 0.286
9 0.286
9 0.286
9 0.286
11 0.286
11 0.286
10 0.286
11 0.286
11 0.286
11 0.286
11 0.286
11 0.286
11 0.286
11 0.286
12 0.286
11 0.286
12 0.286
12 0.286
12 0.286
9 0.286
9 0.286
8 0.286
9 0.286
9 0.286
9 0.286
9 0.286
9 0.286
9 0.286
9 0.286
10 0.286
9 0.286
10 0.286
10 0.286
10 0.286
11 0.286
11 0.286
11 0.286
10 0.286
10 0.286
9 0.286
10 0.286
10 0.286
10 0.286
10 0.286
10 0.286
10 0.286
10 0.286
11 0.286
11 0.286
10 0.286
11 0.286
11 0.286
11 0.286
11 0.286
11 0.286
11 0.286
11 0.286
10 0.286
10 0.286
9 0.286
10 0.286
10 0.286
10 0.286
10 0.286
10 0.286
10 0.286
10 0.286
11 0.286
10 0.286
11 0.286
11 0.286
11 0.286
12 0.286
12 0.286
11 0.286
12 0.286
12 0.286
12 0.286
12 0.286
12 0.286
12 0.286
12 0.286
13 0.286
12 0.286
13 0.286
13 0.286
13 0.286
8 0.286
8 0.286
8 0.286
10 0.286
10 0.286
5 0.2505
4 0.2505
5 0.2505
4 0.2505
6 0.2505
8 0.2505
6 0.2505
6 0.2505
7 0.2505
7 0.2505
7 0.2505
7 0.2505
7 0.2505
6 0.2505
8 0.2505
6 0.2505
6 0.2505
7 0.2505
7 0.2505
7 0.2505
7 0.2505
7 0.2505
6 0.2505
8 0.2505
6 0.2505
6 0.2505
7 0.2505
7 0.2505
7 0.2505
7 0.2505
7 0.2505
6 0.2505
8 0.2505
6 0.2505
6 0.2505
7 0.2505
7 0.2505
7 0.2505
7 0.2505
7 0.2505
4 0.2505
5 0.2505
4 0.2505
5 0.2505
6 0.2505
6 0.2505
6 0.2505
6 0.2505
6 0.2505
6 0.2505
5 0.2505
6 0.2505
6 0.2505
6 0.2505
6 0.2505
6 0.2505
6 0.2505
5 0.2505
6 0.2505
10 0.2505
8 0.2505
7 0.2505
5 0.2505
9 0.2505
7 0.2505
6 0.2505
5 0.2505
9 0.2505
7 0.2505
6 0.2505
6 0.2505
10 0.2505
8 0.2505
7 0.2505
5 0.2505
6 0.2505
5 0.2505
5 0.2505
4 0.2505
5 0.2505
5 0.2505
7 0.2505
7 0.2505
7 0.2505
7 0.2505
5 0.2505
5 0.2505
5 0.2505
5 0.2505
7 0.2505
7 0.2505
7 0.2505
6 0.2505
5 0.2505
5 0.2505
5 0.2505
5 0.2505
6 0.2505
6 0.2505
6 0.2505
6 0.2505
4 0.2505
4 0.2505
4 0.2505
4 0.2505
5 0.2505
4 0.2505
5 0.2505
5 0.2505
5 0.2505
5 0.2505
4 0.2505
5 0.2505
5 0.2505
5 0.2505
5 0.2505
5 0.2505
4 0.2505
5 0.2505
5 0.2505
5 0.2505
5 0.2505
4 0.2505
3 0.2505
5 0.2505
5 0.2505
5 0.2505
4 0.2505
5 0.2505
5 0.2505
6 0.2505
6 0.2505
6 0.2505
5 0.2505
6 0.2505
6 0.2505
4 0.2505
3 0.2505
5 0.2505
6 0.2505
5 0.2505
4 0.2505
6 0.2505
7 0.2505
5 0.2505
5 0.2505
5 0.2505
5 0.2505
5 0.2505
5 0.2505
5 0.2505
5 0.2505
5 0.2505
5 0.2505
5 0.2505
4 0.2505
8 0.2505
6 0.2505
5 0.2505
5 0.2505
8 0.2505
6 0.2505
13 0.25025
13 0.25025
13 0.25025
13 0.25025
13 0.25025
13 0.25025
13 0.25025
13 0.25025
13 0.25025
13 0.25025
13 0.25025
13 0.25025
13 0.25025
13 0.25025
13 0.25025
13 0.25025
13 0.25025
13 0.25025
13 0.25025
13 0.25025
13 0.25025
13 0.25025
13 0.25025
13 0.25025
11 0.25025
11 0.25025
11 0.25025
13 0.25025
13 0.25025
14 0.25025
13 0.25025
13 0.25025
13 0.25025
13 0.25025
12 0.25025
12 0.25025
12 0.25025
13 0.25025
12 0.25025
12 0.25025
12 0.25025
14 0.25025
13 0.25025
13 0.25025
13 0.25025
10 0.25025
10 0.25025
10 0.25025
13 0.25025
13 0.25025
13 0.25025
10 0.25025
10 0.25025
10 0.25025
14 0.25025
13 0.25025
14 0.25025
14 0.25025
14 0.25025
11 0.25025
11 0.25025
11 0.25025
13 0.25025
12 0.25025
13 0.25025
13 0.25025
13 0.25025
10 0.25025
10 0.25025
10 0.25025
14 0.25025
13 0.25025
14 0.25025
14 0.25025
14 0.25025
13 0.25025
12 0.25025
13 0.25025
13 0.25025
13 0.25025
12 0.25025
11 0.25025
11 0.25025
11 0.25025
12 0.25025
11 0.25025
11 0.25025
11 0.25025
13 0.25025
14 0.25025
14 0.25025
14 0.22244444444444442
14 0.22244444444444442
14 0.22244444444444442
14 0.22244444444444442
14 0.22244444444444442
14 0.22244444444444442
14 0.22244444444444442
14 0.22244444444444442
14 0.22244444444444442
14 0.22244444444444442
14 0.22244444444444442
14 0.22244444444444442
14 0.22244444444444442
14 0.22244444444444442
14 0.22244444444444442
14 0.22244444444444442
15 0.22244444444444442
14 0.22244444444444442
14 0.22244444444444442
15 0.22244444444444442
15 0.22244444444444442
12 0.22244444444444442
12 0.22244444444444442
12 0.22244444444444442
13 0.22244444444444442
13 0.22244444444444442
12 0.22244444444444442
13 0.22244444444444442
13 0.22244444444444442
13 0.22244444444444442
13 0.22244444444444442
13 0.22244444444444442
13 0.22244444444444442
13 0.22244444444444442
13 0.22244444444444442
13 0.22244444444444442
12 0.22244444444444442
13 0.22244444444444442
13 0.22244444444444442
13 0.22244444444444442
13 0.22244444444444442
13 0.22244444444444442
13 0.22244444444444442
13 0.22244444444444442
13 0.22244444444444442
13 0.22244444444444442
13 0.22244444444444442
12 0.22244444444444442
13 0.22244444444444442
13 0.22244444444444442
13 0.22244444444444442
13 0.22244444444444442
13 0.22244444444444442
13 0.22244444444444442
13 0.22244444444444442
15 0.22244444444444442
11 0.22244444444444442
11 0.22244444444444442
11 0.22244444444444442
11 0.22244444444444442
11 0.22244444444444442
11 0.22244444444444442
13 0.22244444444444442
15 0.22244444444444442
14 0.22244444444444442
15 0.22244444444444442
15 0.22244444444444442
15 0.22244444444444442
14 0.22244444444444442
16 0.22244444444444442
11 0.22244444444444442
11 0.22244444444444442
10 0.22244444444444442
11 0.22244444444444442
11 0.22244444444444442
11 0.22244444444444442
11 0.22244444444444442
11 0.22244444444444442
11 0.22244444444444442
11 0.22244444444444442
13 0.22244444444444442
13 0.22244444444444442
6 0.2004
6 0.2004
5 0.2004
6 0.2004
6 0.2004
6 0.2004
6 0.2004
6 0.2004
6 0.2004
6 0.2004
7 0.2004
7 0.2004
7 0.2004
7 0.2004
7 0.2004
7 0.2004
6 0.2004
7 0.2004
7 0.2004
7 0.2004
7 0.2004
7 0.2004
7 0.2004
6 0.2004
9 0.2004
9 0.2004
9 0.2004
9 0.2004
7 0.2004
7 0.2004
7 0.2004
7 0.2004
9 0.2004
9 0.2004
9 0.2004
9 0.2004
7 0.2004
7 0.2004
7 0.2004
7 0.2004
9 0.2004
9 0.2004
9 0.2004
9 0.2004
7 0.2004
7 0.2004
7 0.2004
7 0.2004
9 0.2004
9 0.2004
9 0.2004
9 0.2004
7 0.2004
7 0.2004
7 0.2004
7 0.2004
7 0.2004
7 0.2004
7 0.2004
7 0.2004
7 0.2004
7 0.2004
6 0.2004
7 0.2004
7 0.2004
7 0.2004
7 0.2004
7 0.2004
7 0.2004
6 0.2004
9 0.2004
7 0.2004
7 0.2004
8 0.2004
8 0.2004
8 0.2004
8 0.2004
8 0.2004
7 0.2004
9 0.2004
7 0.2004
7 0.2004
8 0.2004
8 0.2004
8 0.2004
8 0.2004
8 0.2004
10 0.2004
8 0.2004
9 0.2004
9 0.2004
9 0.2004
7 0.2004
8 0.2004
8 0.2004
9 0.2004
7 0.2004
8 0.2004
8 0.2004
10 0.2004
8 0.2004
9 0.2004
9 0.2004
8 0.2004
8 0.2004
8 0.2004
8 0.2004
8 0.2004
8 0.2004
7 0.2004
9 0.2004
9 0.2004
9 0.2004
9 0.2004
7 0.2004
7 0.2004
8 0.2004
8 0.2004
6 0.2004
8 0.2004
9 0.2004
9 0.2004
9 0.2004
9 0.2004
9 0.2004
9 0.2004
6 0.2004
7 0.2004
8 0.2004
8 0.2004
6 0.2004
8 0.2004
9 0.2004
9 0.2004
8 0.2004
8 0.2004
8 0.2004
8 0.2004
6 0.2004
6 0.2004
7 0.2004
7 0.2004
5 0.2004
7 0.2004
8 0.2004
8 0.2004
9 0.2004
8 0.2004
9 0.2004
9 0.2004
9 0.2004
7 0.2004
7 0.2004
6 0.2004
7 0.2004
7 0.2004
7 0.2004
8 0.2004
6 0.2004
6 0.2004
6 0.2004
5 0.2004
5 0.2004
5 0.2004
5 0.2004
5 0.2004
5 0.2004
6 0.2004
6 0.2004
6 0.2004
6 0.2004
6 0.2004
6 0.2004
6 0.2004
6 0.2004
6 0.2004
6 0.2004
6 0.2004
6 0.2004
5 0.2004
8 0.2004
8 0.2004
8 0.2004
8 0.2004
8 0.2004
8 0.2004
7 0.2004
6 0.2004
7 0.2004
6 0.2004
6 0.2004
5 0.2004
6 0.2004
6 0.2004
6 0.2004
6 0.2004
5 0.2004
6 0.2004
6 0.2004
5 0.2004
6 0.2004
6 0.2004
6 0.2004
6 0.2004
7 0.2004
8 0.2004
6 0.2004
6 0.2004
6 0.2004
6 0.2004
6 0.2004
6 0.2004
5 0.2004
6 0.2004
6 0.2004
6 0.2004
6 0.2004
6 0.2004
6 0.2004
7 0.2004
7 0.2004
7 0.2004
7 0.2004
7 0.2004
7 0.2004
7 0.2004
7 0.2004
7 0.2004
7 0.2004
7 0.2004
7 0.2004
6 0.2004
9 0.2004
9 0.2004
9 0.2004
9 0.2004
9 0.2004
9 0.2004
8 0.2004
7 0.2004
6 0.2004
8 0.2004
6 0.2004
7 0.2004
7 0.2004
8 0.2004
6 0.2004
7 0.2004
7 0.2004
15 0.2002
15 0.2002
15 0.2002
15 0.2002
15 0.2002
15 0.2002
15 0.2002
15 0.2002
15 0.2002
15 0.2002
15 0.2002
15 0.2002
15 0.2002
14 0.2002
15 0.2002
15 0.2002
15 0.2002
15 0.2002
15 0.2002
15 0.2002
15 0.2002
15 0.2002
15 0.2002
15 0.2002
15 0.2002
15 0.2002
15 0.2002
15 0.2002
15 0.2002
16 0.2002
16 0.2002
16 0.2002
16 0.2002
16 0.2002
16 0.2002
13 0.2002
13 0.2002
12 0.2002
13 0.2002
13 0.2002
13 0.2002
13 0.2002
13 0.2002
13 0.2002
13 0.2002
17 0.2002
17 0.2002
16 0.2002
17 0.2002
17 0.2002
17 0.2002
17 0.2002
17 0.2002
17 0.2002
17 0.2002
13 0.2002
13 0.2002
12 0.2002
13 0.2002
13 0.2002
13 0.2002
13 0.2002
13 0.2002
13 0.2002
13 0.2002
17 0.2002
14 0.2002
14 0.2002
14 0.2002
14 0.2002
14 0.2002
14 0.2002
16 0.2002
16 0.2002
16 0.2002
16 0.2002
16 0.2002
16 0.2002
14 0.2002
14 0.2002
13 0.2002
14 0.2002
14 0.2002
14 0.2002
14 0.2002
14 0.2002
14 0.2002
14 0.2002
16 0.2002
14 0.2002
14 0.2002
13 0.2002
14 0.2002
14 0.2002
14 0.2002
14 0.2002
14 0.2002
14 0.2002
14 0.2002
17 0.2002
14 0.2002
14 0.2002
14 0.2002
14 0.2002
14 0.2002
14 0.2002
15 0.2002
15 0.2002
15 0.2002
15 0.2002
15 0.2002
15 0.2002
17 0.2002
17 0.2002
17 0.2002
17 0.2002
17 0.2002
17 0.2002
15 0.2002
15 0.2002
15 0.2002
16 0.2002
17 0.18199999999999997
16 0.18199999999999997
16 0.18199999999999997
15 0.18199999999999997
16 0.18199999999999997
15 0.18199999999999997
17 0.18199999999999997
16 0.18199999999999997
15 0.18199999999999997
15 0.18199999999999997
14 0.18199999999999997
15 0.18199999999999997
15 0.18199999999999997
15 0.18199999999999997
15 0.18199999999999997
15 0.18199999999999997
15 0.18199999999999997
15 0.18199999999999997
18 0.18199999999999997
18 0.18199999999999997
18 0.18199999999999997
18 0.18199999999999997
18 0.18199999999999997
18 0.18199999999999997
17 0.18199999999999997
17 0.18199999999999997
17 0.18199999999999997
17 0.18199999999999997
17 0.18199999999999997
17 0.18199999999999997
14 0.18199999999999997
14 0.18199999999999997
13 0.18199999999999997
14 0.18199999999999997
14 0.18199999999999997
14 0.18199999999999997
14 0.18199999999999997
14 0.18199999999999997
14 0.18199999999999997
14 0.18199999999999997
14 0.18199999999999997
14 0.18199999999999997
13 0.18199999999999997
14 0.18199999999999997
14 0.18199999999999997
14 0.18199999999999997
14 0.18199999999999997
14 0.18199999999999997
14 0.18199999999999997
14 0.18199999999999997
18 0.18199999999999997
18 0.18199999999999997
18 0.18199999999999997
18 0.18199999999999997
18 0.18199999999999997
18 0.18199999999999997
18 0.18199999999999997
17 0.18199999999999997
17 0.18199999999999997
17 0.18199999999999997
17 0.18199999999999997
17 0.18199999999999997
17 0.18199999999999997
15 0.18199999999999997
14 0.18199999999999997
15 0.18199999999999997
14 0.18199999999999997
10 0.167
9 0.167
9 0.167
9 0.167
9 0.167
9 0.167
10 0.167
9 0.167
9 0.167
9 0.167
9 0.167
9 0.167
9 0.167
9 0.167
10 0.167
10 0.167
8 0.167
10 0.167
11 0.167
11 0.167
9 0.167
9 0.167
10 0.167
10 0.167
8 0.167
10 0.167
11 0.167
11 0.167
9 0.167
9 0.167
10 0.167
10 0.167
8 0.167
10 0.167
11 0.167
11 0.167
9 0.167
9 0.167
10 0.167
10 0.167
8 0.167
10 0.167
11 0.167
11 0.167
9 0.167
9 0.167
9 0.167
9 0.167
9 0.167
9 0.167
9 0.167
9 0.167
9 0.167
9 0.167
8 0.167
10 0.167
10 0.167
8 0.167
8 0.167
8 0.167
8 0.167
10 0.167
11 0.167
11 0.167
9 0.167
10 0.167
10 0.167
9 0.167
10 0.167
10 0.167
10 0.167
11 0.167
11 0.167
10 0.167
10 0.167
10 0.167
10 0.167
10 0.167
9 0.167
8 0.167
8 0.167
8 0.167
9 0.167
8 0.167
8 0.167
9 0.167
8 0.167
8 0.167
8 0.167
8 0.167
8 0.167
8 0.167
10 0.167
10 0.167
10 0.167
10 0.167
10 0.167
9 0.167
8 0.167
8 0.167
8 0.167
8 0.167
8 0.167
8 0.167
9 0.167
10 0.167
9 0.167
9 0.167
9 0.167
9 0.167
9 0.167
12 0.167
11 0.167
11 0.167
11 0.167
11 0.167
11 0.167
7 0.167
8 0.167
8 0.167
9 0.167
9 0.167
9 0.167
9 0.167
9 0.167
9 0.167
8 0.167
8 0.167
9 0.167
9 0.167
18 0.1668333333333333
18 0.1668333333333333
17 0.1668333333333333
17 0.1668333333333333
18 0.1668333333333333
19 0.1668333333333333
19 0.1668333333333333
19 0.1668333333333333
19 0.1668333333333333
19 0.1668333333333333
19 0.1668333333333333
19 0.1668333333333333
18 0.1668333333333333
19 0.1668333333333333
19 0.1668333333333333
19 0.1668333333333333
16 0.1668333333333333
16 0.1668333333333333
19 0.15399999999999997
19 0.15399999999999997
19 0.15399999999999997
19 0.15399999999999997
19 0.15399999999999997
19 0.15399999999999997
11 0.14314285714285716
11 0.14314285714285716
11 0.14314285714285716
11 0.14314285714285716
11 0.14314285714285716
11 0.14314285714285716
11 0.14314285714285716
11 0.14314285714285716
11 0.14314285714285716
11 0.14314285714285716
8 0.14314285714285716
9 0.14314285714285716
10 0.14314285714285716
10 0.14314285714285716
9 0.14314285714285716
9 0.14314285714285716
9 0.14314285714285716
11 0.14314285714285716
12 0.14314285714285716
12 0.14314285714285716
10 0.14314285714285716
9 0.14314285714285716
11 0.14314285714285716
12 0.14314285714285716
12 0.14314285714285716
12 0.14314285714285716
11 0.14314285714285716
11 0.14314285714285716
12 0.14314285714285716
8 0.14314285714285716
9 0.14314285714285716
8 0.14314285714285716
8 0.14314285714285716
7 0.14314285714285716
8 0.14314285714285716
12 0.14314285714285716
9 0.14314285714285716
9 0.14314285714285716
9 0.14314285714285716
9 0.14314285714285716
9 0.14314285714285716
9 0.14314285714285716
9 0.14314285714285716
9 0.14314285714285716
9 0.14314285714285716
9 0.14314285714285716
9 0.14314285714285716
9 0.14314285714285716
12 0.14314285714285716
12 0.14314285714285716
12 0.14314285714285716
12 0.14314285714285716
12 0.14314285714285716
9 0.14314285714285716
9 0.14314285714285716
8 0.14314285714285716
9 0.14314285714285716
9 0.14314285714285716
9 0.14314285714285716
9 0.14314285714285716
9 0.14314285714285716
9 0.14314285714285716
9 0.14314285714285716
10 0.14314285714285716
10 0.14314285714285716
10 0.14314285714285716
9 0.14314285714285716
9 0.14314285714285716
10 0.14314285714285716
9 0.14314285714285716
11 0.14314285714285716
11 0.14314285714285716
11 0.14314285714285716
11 0.14314285714285716
11 0.14314285714285716
9 0.14314285714285716
8 0.14314285714285716
10 0.14314285714285716
9 0.14314285714285716
10 0.14314285714285716
9 0.14314285714285716
9 0.14314285714285716
12 0.14314285714285716
12 0.14314285714285716
12 0.14314285714285716
12 0.14314285714285716
12 0.14314285714285716
10 0.14314285714285716
10 0.14314285714285716
10 0.14314285714285716
11 0.14314285714285716
11 0.14314285714285716
11 0.14314285714285716
11 0.14314285714285716
8 0.14314285714285716
8 0.14314285714285716
8 0.14314285714285716
8 0.14314285714285716
10 0.14314285714285716
10 0.14314285714285716
10 0.14314285714285716
10 0.14314285714285716
10 0.14314285714285716
10 0.14314285714285716
9 0.14314285714285716
8 0.14314285714285716
8 0.14314285714285716
12 0.14314285714285716
11 0.14314285714285716
11 0.14314285714285716
11 0.14314285714285716
11 0.14314285714285716
11 0.14314285714285716
10 0.14314285714285716
10 0.14314285714285716
22 0.143
23 0.13346666666666665
23 0.13346666666666665
23 0.13346666666666665
23 0.13346666666666665
23 0.13346666666666665
23 0.13346666666666665
13 0.12525
13 0.12525
13 0.12525
13 0.12525
11 0.12525
12 0.12525
12 0.12525
12 0.12525
13 0.12525
13 0.12525
13 0.12525
13 0.12525
13 0.12525
13 0.12525
11 0.12525
12 0.12525
12 0.12525
12 0.12525
13 0.12525
13 0.12525
10 0.12525
11 0.12525
10 0.12525
11 0.12525
10 0.12525
11 0.12525
10 0.12525
11 0.12525
12 0.12525
11 0.12525
11 0.12525
10 0.12525
11 0.12525
12 0.12525
11 0.12525
10 0.12525
10 0.12525
10 0.12525
11 0.12525
10 0.12525
10 0.12525
9 0.12525
9 0.12525
8 0.12525
13 0.12525
13 0.12525
13 0.12525
13 0.12525
13 0.12525
13 0.12525
10 0.12525
11 0.12525
10 0.12525
10 0.12525
12 0.12525
12 0.12525
12 0.12525
12 0.12525
10 0.12525
11 0.12525
11 0.12525
11 0.12525
12 0.12525
12 0.12525
11 0.12525
12 0.12525
11 0.12525
11 0.12525
11 0.12525
10 0.12525
10 0.12525
12 0.12525
12 0.12525
12 0.12525
12 0.12525
12 0.12525
10 0.12525
11 0.12525
11 0.12525
11 0.12525
12 0.12525
12 0.12525
13 0.12525
13 0.12525
13 0.12525
13 0.12525
13 0.12525
13 0.12525
13 0.12525
13 0.12525
13 0.12525
11 0.12525
12 0.12525
12 0.12525
12 0.12525
13 0.12525
13 0.12525
13 0.12525
12 0.12525
12 0.12525
12 0.12525
14 0.12525
15 0.12525
15 0.12525
12 0.12525
12 0.12525
12 0.12525
12 0.12525
12 0.12525
13 0.12525
13 0.12525
13 0.12525
10 0.11133333333333334
11 0.11133333333333334
11 0.11133333333333334
11 0.11133333333333334
11 0.11133333333333334
13 0.11133333333333334
13 0.11133333333333334
13 0.11133333333333334
13 0.11133333333333334
13 0.11133333333333334
10 0.11133333333333334
13 0.11133333333333334
12 0.11133333333333334
12 0.11133333333333334
11 0.11133333333333334
12 0.11133333333333334
12 0.11133333333333334
11 0.11133333333333334
12 0.11133333333333334
11 0.11133333333333334
14 0.11133333333333334
13 0.11133333333333334
13 0.11133333333333334
12 0.11133333333333334
13 0.11133333333333334
13 0.11133333333333334
12 0.11133333333333334
12 0.11133333333333334
12 0.11133333333333334
11 0.11133333333333334
14 0.11133333333333334
13 0.11133333333333334
13 0.11133333333333334
12 0.11133333333333334
13 0.11133333333333334
13 0.11133333333333334
12 0.11133333333333334
12 0.11133333333333334
12 0.11133333333333334
11 0.11133333333333334
11 0.11133333333333334
11 0.11133333333333334
11 0.11133333333333334
14 0.11133333333333334
13 0.11133333333333334
13 0.11133333333333334
13 0.11133333333333334
10 0.11133333333333334
13 0.11133333333333334
12 0.11133333333333334
13 0.11133333333333334
14 0.11133333333333334
14 0.11133333333333334
13 0.11133333333333334
14 0.11133333333333334
12 0.11133333333333334
13 0.11133333333333334
15 0.11133333333333334
15 0.11133333333333334
15 0.11133333333333334
15 0.11133333333333334
13 0.11133333333333334
14 0.11133333333333334
14 0.11133333333333334
14 0.11133333333333334
15 0.11133333333333334
15 0.11133333333333334
13 0.1002
12 0.1002
13 0.1002
16 0.1002
15 0.1002
15 0.1002
14 0.1002
15 0.1002
12 0.1002
13 0.1002
14 0.1002
14 0.1002
13 0.1002
14 0.1002
13 0.1002
14 0.1002
15 0.1002
15 0.1002
14 0.1002
15 0.1002
12 0.1002
13 0.0910909090909091
15 0.0910909090909091
13 0.0910909090909091
14 0.0910909090909091
16 0.0910909090909091
14 0.0910909090909091
16 0.0910909090909091
14 0.0910909090909091
14 0.0910909090909091
17 0.0910909090909091
16 0.0910909090909091
16 0.0910909090909091
15 0.0910909090909091
16 0.0910909090909091
15 0.0910909090909091
13 0.0910909090909091
16 0.0910909090909091
15 0.0910909090909091
15 0.0910909090909091
13 0.0910909090909091
16 0.0910909090909091
15 0.0910909090909091
15 0.0910909090909091
14 0.0910909090909091
15 0.0910909090909091
17 0.0910909090909091
17 0.0910909090909091
17 0.0910909090909091
17 0.0910909090909091
17 0.0910909090909091
16 0.0835
16 0.0835
16 0.0835
16 0.0835
14 0.0835
17 0.0835
16 0.0835
16 0.0835
15 0.0835
16 0.0835
15 0.0835
16 0.0835
18 0.0835
16 0.0835
15 0.0835
16 0.0835
16 0.0835
15 0.0835
15 0.0835
17 0.0835
16 0.0835
16 0.0835
15 0.0835
16 0.0835
17 0.0835
15 0.0835
19 0.07707692307692307
18 0.07707692307692307
18 0.07707692307692307
17 0.07707692307692307
19 0.07707692307692307
18 0.07707692307692307
18 0.07707692307692307
17 0.07707692307692307
18 0.07707692307692307
20 0.07707692307692307
19 0.07707692307692307
19 0.07707692307692307
18 0.07707692307692307
17 0.07707692307692307
18 0.07707692307692307
18 0.07707692307692307
19 0.07707692307692307
17 0.07707692307692307
18 0.07707692307692307
16 0.07707692307692307
18 0.07707692307692307
18 0.07707692307692307
17 0.07157142857142858
19 0.07157142857142858
18 0.07157142857142858
18 0.07157142857142858
21 0.07157142857142858
20 0.07157142857142858
20 0.07157142857142858
19 0.07157142857142858
20 0.07157142857142858
20 0.0668
21 0.0668
21 0.0668
23 0.062625
21 0.062625
23 0.05894117647058823
1 0.002
1 0.002
1 0.002
1 0.002
1 0.002
1 0.002
1 0.002
1 0.002
1 0.002
1 0.002
1 0.002
1 0.002
1 0.002
1 0.002
1 0.002
1 0.002
1 0.002
1 0.002
2 0.002
2 0.002
1 0.002
2 0.002
2 0.002
1 0.002
2 0.002
1 0.002
1 0.002
1 0.002
1 0.002
1 0.002
1 0.002
1 0.002
1 0.002
1 0.002
1 0.002
1 0.002
1 0.002
1 0.002
1 0.002
1 0.002
1 0.002
1 0.002
1 0.002
2 0.002
1 0.002
1 0.002
1 0.002
1 0.002
1 0.002
1 0.002
1 0.002
1 0.002
1 0.002
1 0.002
1 0.002
1 0.002
1 0.002
1 0.002
1 0.002
1 0.002
1 0.002
1 0.002
1 0.002
1 0.002
1 0.002
1 0.002
1 0.002
1 0.002
1 0.002
1 0.002
1 0.002
1 0.002
1 0.002
1 0.002
1 0.002
1 0.002
1 0.002
1 0.002
1 0.002
1 0.002
1 0.002
1 0.002
1 0.002
1 0.002
1 0.002
1 0.002
1 0.002
1 0.002
1 0.002
1 0.002
1 0.002
1 0.002
1 0.002
1 0.002
1 0.002
1 0.002
1 0.002
1 0.002
1 0.002
1 0.002
2 0.001
3 0.001
3 0.001
2 0.001
3 0.001
3 0.001
3 0.001
2 0.001
3 0.001
3 0.001
3 0.001
3 0.001
3 0.001
3 0.001
3 0.001
3 0.001
3 0.001
3 0.001
3 0.001
3 0.001
3 0.001
3 0.001
3 0.001
3 0.001
3 0.001
3 0.001
3 0.001
3 0.001
3 0.001
3 0.001
3 0.001
3 0.001
1 0.001
2 0.001
2 0.001
2 0.001
2 0.001
4 0.001
3 0.001
3 0.001
3 0.001
3 0.001
3 0.001
3 0.001
3 0.001
2 0.001
3 0.001
3 0.001
2 0.001
3 0.001
3 0.001
3 0.001
4 0.001
2 0.001
3 0.001
2 0.001
2 0.001
2 0.001
2 0.001
2 0.001
2 0.001
2 0.001
2 0.001
2 0.001
2 0.001
3 0.001
4 0.001
3 6.666666666666666E-4
3 6.666666666666666E-4
6 6.666666666666666E-4
3 6.666666666666666E-4
3 6.666666666666666E-4
3 6.666666666666666E-4
3 6.666666666666666E-4
5 6.666666666666666E-4
3 6.666666666666666E-4
3 6.666666666666666E-4
3 6.666666666666666E-4
4 6.666666666666666E-4
3 6.666666666666666E-4
3 6.666666666666666E-4
3 6.666666666666666E-4
3 6.666666666666666E-4
4 6.666666666666666E-4
4 6.666666666666666E-4
4 6.666666666666666E-4
4 6.666666666666666E-4
4 6.666666666666666E-4
4 6.666666666666666E-4
4 6.666666666666666E-4
4 6.666666666666666E-4
4 6.666666666666666E-4
4 6.666666666666666E-4
5 6.666666666666666E-4
4 6.666666666666666E-4
4 6.666666666666666E-4
3 6.666666666666666E-4
4 6.666666666666666E-4
4 6.666666666666666E-4
4 6.666666666666666E-4
4 6.666666666666666E-4
4 6.666666666666666E-4
4 6.666666666666666E-4
5 6.666666666666666E-4
4 6.666666666666666E-4
4 6.666666666666666E-4
3 6.666666666666666E-4
4 6.666666666666666E-4
4 6.666666666666666E-4
5 6.666666666666666E-4
5 6.666666666666666E-4
5 6.666666666666666E-4
5 6.666666666666666E-4
6 6.666666666666666E-4
5 6.666666666666666E-4
5 6.666666666666666E-4
4 6.666666666666666E-4
5 6.666666666666666E-4
5 6.666666666666666E-4
3 6.666666666666666E-4
4 6.666666666666666E-4
3 6.666666666666666E-4
3 6.666666666666666E-4
3 6.666666666666666E-4
3 6.666666666666666E-4
4 6.666666666666666E-4
4 6.666666666666666E-4
4 6.666666666666666E-4
5 6.666666666666666E-4
5 6.666666666666666E-4
3 6.666666666666666E-4
3 6.666666666666666E-4
3 6.666666666666666E-4
3 6.666666666666666E-4
3 6.666666666666666E-4
3 6.666666666666666E-4
3 6.666666666666666E-4
3 6.666666666666666E-4
3 6.666666666666666E-4
3 6.666666666666666E-4
3 6.666666666666666E-4
4 6.666666666666666E-4
3 6.666666666666666E-4
3 6.666666666666666E-4
3 6.666666666666666E-4
3 6.666666666666666E-4
5 6.666666666666666E-4
5 6.666666666666666E-4
5 6.666666666666666E-4
2 6.666666666666666E-4
3 6.666666666666666E-4
3 6.666666666666666E-4
4 6.666666666666666E-4
3 6.666666666666666E-4
3 6.666666666666666E-4
3 6.666666666666666E-4
4 6.666666666666666E-4
2 6.666666666666666E-4
3 6.666666666666666E-4
2 6.666666666666666E-4
4 6.666666666666666E-4
5 6.666666666666666E-4
5 6.666666666666666E-4
5 6.666666666666666E-4
5 6.666666666666666E-4
6 6.666666666666666E-4
5 6.666666666666666E-4
5 6.666666666666666E-4
4 6.666666666666666E-4
5 6.666666666666666E-4
5 6.666666666666666E-4
4 6.666666666666666E-4
5 6.666666666666666E-4
4 6.666666666666666E-4
4 6.666666666666666E-4
4 6.666666666666666E-4
5 6.666666666666666E-4
2 6.666666666666666E-4
3 6.666666666666666E-4
4 6.666666666666666E-4
3 6.666666666666666E-4
3 6.666666666666666E-4
3 6.666666666666666E-4
3 6.666666666666666E-4
3 6.666666666666666E-4
2 6.666666666666666E-4
3 6.666666666666666E-4
3 6.666666666666666E-4
3 6.666666666666666E-4
3 6.666666666666666E-4
3 6.666666666666666E-4
3 6.666666666666666E-4
3 6.666666666666666E-4
3 6.666666666666666E-4
3 6.666666666666666E-4
2 6.666666666666666E-4
3 6.666666666666666E-4
3 6.666666666666666E-4
4 6.666666666666666E-4
5 6.666666666666666E-4
3 6.666666666666666E-4
3 6.666666666666666E-4
3 6.666666666666666E-4
3 6.666666666666666E-4
3 6.666666666666666E-4
2 6.666666666666666E-4
3 6.666666666666666E-4
3 6.666666666666666E-4
3 6.666666666666666E-4
3 6.666666666666666E-4
3 6.666666666666666E-4
3 6.666666666666666E-4
3 6.666666666666666E-4
3 6.666666666666666E-4
3 6.666666666666666E-4
2 6.666666666666666E-4
3 6.666666666666666E-4
2 6.666666666666666E-4
3 6.666666666666666E-4
3 6.666666666666666E-4
4 6.666666666666666E-4
3 6.666666666666666E-4
3 6.666666666666666E-4
5 6.666666666666666E-4
4 6.666666666666666E-4
4 6.666666666666666E-4
4 6.666666666666666E-4
4 6.666666666666666E-4
4 6.666666666666666E-4
4 6.666666666666666E-4
4 6.666666666666666E-4
3 6.666666666666666E-4
4 6.666666666666666E-4
4 6.666666666666666E-4
3 6.666666666666666E-4
3 6.666666666666666E-4
3 6.666666666666666E-4
4 6.666666666666666E-4
3 6.666666666666666E-4
3 6.666666666666666E-4
6 6.666666666666666E-4
6 6.666666666666666E-4
6 6.666666666666666E-4
6 6.666666666666666E-4
6 6.666666666666666E-4
6 6.666666666666666E-4
5 6.666666666666666E-4
2 6.666666666666666E-4
4 6.666666666666666E-4
3 6.666666666666666E-4
3 6.666666666666666E-4
3 6.666666666666666E-4
2 6.666666666666666E-4
3 6.666666666666666E-4
3 6.666666666666666E-4
3 6.666666666666666E-4
3 6.666666666666666E-4
3 6.666666666666666E-4
3 6.666666666666666E-4
5 5.0E-4
4 5.0E-4
4 5.0E-4
5 5.0E-4
4 5.0E-4
4 5.0E-4
4 5.0E-4
4 5.0E-4
4 5.0E-4
4 5.0E-4
4 5.0E-4
3 5.0E-4
4 5.0E-4
4 5.0E-4
6 5.0E-4
6 5.0E-4
6 5.0E-4
7 5.0E-4
6 5.0E-4
6 5.0E-4
6 5.0E-4
6 5.0E-4
7 5.0E-4
7 5.0E-4
7 5.0E-4
4 5.0E-4
3 5.0E-4
4 5.0E-4
4 5.0E-4
4 5.0E-4
4 5.0E-4
4 5.0E-4
3 5.0E-4
3 5.0E-4
3 5.0E-4
3 5.0E-4
4 5.0E-4
4 5.0E-4
7 5.0E-4
7 5.0E-4
7 5.0E-4
7 5.0E-4
7 5.0E-4
7 5.0E-4
5 5.0E-4
6 5.0E-4
5 5.0E-4
5 5.0E-4
6 5.0E-4
6 5.0E-4
6 5.0E-4
5 5.0E-4
6 5.0E-4
4 5.0E-4
3 5.0E-4
4 5.0E-4
4 5.0E-4
4 5.0E-4
4 5.0E-4
4 5.0E-4
3 5.0E-4
3 5.0E-4
3 5.0E-4
3 5.0E-4
4 5.0E-4
4 5.0E-4
7 5.0E-4
7 5.0E-4
7 5.0E-4
7 5.0E-4
8 5.0E-4
7 5.0E-4
7 5.0E-4
6 5.0E-4
7 5.0E-4
7 5.0E-4
4 5.0E-4
4 5.0E-4
4 5.0E-4
4 5.0E-4
5 5.0E-4
3 5.0E-4
5 5.0E-4
4 5.0E-4
5 5.0E-4
5 5.0E-4
5 5.0E-4
5 5.0E-4
5 5.0E-4
4 5.0E-4
4 5.0E-4
4 5.0E-4
5 5.0E-4
5 5.0E-4
7 5.0E-4
7 5.0E-4
7 5.0E-4
6 5.0E-4
6 5.0E-4
5 5.0E-4
6 5.0E-4
6 5.0E-4
6 5.0E-4
6 5.0E-4
6 5.0E-4
5 5.0E-4
5 5.0E-4
4 5.0E-4
5 5.0E-4
5 5.0E-4
5 5.0E-4
5 5.0E-4
6 5.0E-4
6 5.0E-4
6 5.0E-4
6 5.0E-4
6 5.0E-4
6 5.0E-4
6 5.0E-4
6 5.0E-4
6 5.0E-4
5 5.0E-4
5 5.0E-4
5 5.0E-4
4 5.0E-4
5 5.0E-4
4 5.0E-4
7 5.0E-4
4 5.0E-4
4 5.0E-4
3 5.0E-4
4 5.0E-4
5 5.0E-4
5 5.0E-4
4 5.0E-4
5 5.0E-4
4 5.0E-4
7 5.0E-4
5 5.0E-4
5 5.0E-4
4 5.0E-4
5 5.0E-4
5 5.0E-4
5 5.0E-4
3 5.0E-4
5 5.0E-4
3 5.0E-4
7 5.0E-4
5 5.0E-4
5 5.0E-4
4 5.0E-4
5 5.0E-4
7 5.0E-4
7 5.0E-4
7 5.0E-4
7 5.0E-4
7 5.0E-4
7 5.0E-4
6 5.0E-4
5 5.0E-4
3 5.0E-4
6 5.0E-4
6 5.0E-4
6 5.0E-4
4 5.0E-4
5 5.0E-4
5 5.0E-4
5 5.0E-4
6 5.0E-4
5 5.0E-4
5 5.0E-4
5 5.0E-4
6 5.0E-4
5 5.0E-4
6 4.0E-4
6 4.0E-4
6 4.0E-4
7 4.0E-4
6 4.0E-4
5 4.0E-4
6 4.0E-4
6 4.0E-4
7 4.0E-4
8 4.0E-4
4 4.0E-4
7 4.0E-4
6 4.0E-4
7 4.0E-4
8 4.0E-4
8 4.0E-4
8 4.0E-4
8 4.0E-4
9 4.0E-4
7 4.0E-4
7 4.0E-4
6 4.0E-4
7 4.0E-4
7 4.0E-4
7 4.0E-4
7 4.0E-4
7 4.0E-4
5 4.0E-4
5 4.0E-4
4 4.0E-4
6 4.0E-4
6 4.0E-4
6 4.0E-4
6 4.0E-4
7 4.0E-4
7 4.0E-4
7 4.0E-4
8 4.0E-4
8 4.0E-4
4 4.0E-4
7 4.0E-4
9 4.0E-4
9 4.0E-4
9 4.0E-4
6 4.0E-4
6 4.0E-4
5 4.0E-4
7 4.0E-4
5 4.0E-4
8 4.0E-4
8 4.0E-4
7 4.0E-4
6 4.0E-4
10 4.0E-4
6 4.0E-4
5 4.0E-4
4 4.0E-4
5 4.0E-4
5 4.0E-4
5 4.0E-4
5 4.0E-4
5 4.0E-4
8 4.0E-4
8 4.0E-4
4 4.0E-4
4 4.0E-4
4 4.0E-4
4 4.0E-4
5 4.0E-4
5 4.0E-4
7 4.0E-4
6 4.0E-4
5 4.0E-4
6 4.0E-4
6 4.0E-4
6 4.0E-4
6 4.0E-4
6 4.0E-4
8 4.0E-4
8 4.0E-4
5 4.0E-4
5 4.0E-4
5 4.0E-4
5 4.0E-4
6 4.0E-4
6 4.0E-4
7 4.0E-4
6 4.0E-4
5 4.0E-4
6 4.0E-4
6 4.0E-4
6 4.0E-4
6 4.0E-4
6 4.0E-4
8 4.0E-4
8 4.0E-4
5 4.0E-4
5 4.0E-4
5 4.0E-4
6 4.0E-4
6 4.0E-4
7 4.0E-4
8 4.0E-4
8 4.0E-4
8 4.0E-4
8 4.0E-4
9 4.0E-4
8 4.0E-4
8 4.0E-4
7 4.0E-4
8 4.0E-4
8 4.0E-4
7 4.0E-4
7 4.0E-4
7 4.0E-4
7 4.0E-4
8 4.0E-4
7 4.0E-4
7 4.0E-4
6 4.0E-4
7 4.0E-4
7 4.0E-4
6 4.0E-4
5 4.0E-4
6 4.0E-4
6 4.0E-4
6 4.0E-4
6 4.0E-4
6 4.0E-4
5 4.0E-4
5 4.0E-4
6 4.0E-4
6 4.0E-4
6 4.0E-4
6 4.0E-4
6 4.0E-4
6 4.0E-4
6 4.0E-4
6 4.0E-4
6 4.0E-4
7 3.333333333333333E-4
8 3.333333333333333E-4
8 3.333333333333333E-4
8 3.333333333333333E-4
8 3.333333333333333E-4
9 3.333333333333333E-4
8 3.333333333333333E-4
8 3.333333333333333E-4
7 3.333333333333333E-4
8 3.333333333333333E-4
8 3.333333333333333E-4
9 3.333333333333333E-4
8 3.333333333333333E-4
8 3.333333333333333E-4
8 3.333333333333333E-4
6 3.333333333333333E-4
7 3.333333333333333E-4
9 3.333333333333333E-4
8 3.333333333333333E-4
7 3.333333333333333E-4
8 3.333333333333333E-4
8 3.333333333333333E-4
8 3.333333333333333E-4
8 3.333333333333333E-4
8 3.333333333333333E-4
8 3.333333333333333E-4
8 3.333333333333333E-4
7 3.333333333333333E-4
10 3.333333333333333E-4
10 3.333333333333333E-4
7 3.333333333333333E-4
10 3.333333333333333E-4
8 3.333333333333333E-4
8 3.333333333333333E-4
8 3.333333333333333E-4
6 3.333333333333333E-4
7 3.333333333333333E-4
10 3.333333333333333E-4
5 3.333333333333333E-4
9 3.333333333333333E-4
9 3.333333333333333E-4
9 3.333333333333333E-4
7 3.333333333333333E-4
8 3.333333333333333E-4
11 3.333333333333333E-4
11 3.333333333333333E-4
11 3.333333333333333E-4
8 3.333333333333333E-4
8 3.333333333333333E-4
8 3.333333333333333E-4
8 3.333333333333333E-4
8 3.333333333333333E-4
9 3.333333333333333E-4
9 3.333333333333333E-4
9 3.333333333333333E-4
7 3.333333333333333E-4
7 3.333333333333333E-4
5 3.333333333333333E-4
8 3.333333333333333E-4
7 3.333333333333333E-4
9 3.333333333333333E-4
8 3.333333333333333E-4
8 3.333333333333333E-4
6 3.333333333333333E-4
9 3.333333333333333E-4
8 3.333333333333333E-4
9 3.333333333333333E-4
8 3.333333333333333E-4
8 3.333333333333333E-4
6 3.333333333333333E-4
9 3.333333333333333E-4
8 3.333333333333333E-4
5 3.333333333333333E-4
10 3.333333333333333E-4
10 3.333333333333333E-4
10 3.333333333333333E-4
9 3.333333333333333E-4
9 3.333333333333333E-4
9 3.333333333333333E-4
9 3.333333333333333E-4
7 2.8571428571428574E-4
7 2.8571428571428574E-4
10 2.8571428571428574E-4
10 2.8571428571428574E-4
10 2.8571428571428574E-4
9 2.8571428571428574E-4
8 2.8571428571428574E-4
10 2.8571428571428574E-4
10 2.8571428571428574E-4
10 2.8571428571428574E-4
10 2.8571428571428574E-4
11 2.8571428571428574E-4
10 2.8571428571428574E-4
10 2.8571428571428574E-4
9 2.8571428571428574E-4
10 2.8571428571428574E-4
10 2.8571428571428574E-4
10 2.8571428571428574E-4
8 2.8571428571428574E-4
13 2.8571428571428574E-4
9 2.8571428571428574E-4
11 2.8571428571428574E-4
10 2.8571428571428574E-4
10 2.8571428571428574E-4
10 2.8571428571428574E-4
10 2.8571428571428574E-4
11 2.8571428571428574E-4
10 2.8571428571428574E-4
10 2.8571428571428574E-4
9 2.8571428571428574E-4
10 2.8571428571428574E-4
10 2.8571428571428574E-4
9 2.8571428571428574E-4
6 2.8571428571428574E-4
11 2.8571428571428574E-4
11 2.8571428571428574E-4
11 2.8571428571428574E-4
11 2.8571428571428574E-4
12 2.8571428571428574E-4
11 2.8571428571428574E-4
11 2.8571428571428574E-4
10 2.8571428571428574E-4
11 2.8571428571428574E-4
11 2.8571428571428574E-4
13 2.8571428571428574E-4
13 2.8571428571428574E-4
13 2.8571428571428574E-4
13 2.8571428571428574E-4
9 2.8571428571428574E-4
12 2.8571428571428574E-4
13 2.8571428571428574E-4
13 2.8571428571428574E-4
9 2.8571428571428574E-4
9 2.8571428571428574E-4
9 2.8571428571428574E-4
7 2.8571428571428574E-4
8 2.8571428571428574E-4
10 2.8571428571428574E-4
10 2.8571428571428574E-4
10 2.8571428571428574E-4
8 2.8571428571428574E-4
9 2.8571428571428574E-4
10 2.8571428571428574E-4
10 2.8571428571428574E-4
10 2.8571428571428574E-4
8 2.8571428571428574E-4
9 2.8571428571428574E-4
9 2.8571428571428574E-4
6 2.8571428571428574E-4
11 2.8571428571428574E-4
7 2.8571428571428574E-4
10 2.8571428571428574E-4
10 2.8571428571428574E-4
10 2.8571428571428574E-4
10 2.8571428571428574E-4
11 2.5E-4
10 2.5E-4
10 2.5E-4
11 2.5E-4
12 2.5E-4
12 2.5E-4
12 2.5E-4
14 2.5E-4
14 2.5E-4
14 2.5E-4
10 2.5E-4
11 2.5E-4
11 2.5E-4
11 2.5E-4
12 2.5E-4
12 2.5E-4
12 2.5E-4
13 2.5E-4
13 2.5E-4
13 2.5E-4
11 2.5E-4
11 2.5E-4
11 2.5E-4
11 2.5E-4
11 2.5E-4
10 2.5E-4
11 2.5E-4
11 2.5E-4
12 2.5E-4
12 2.5E-4
12 2.5E-4
12 2.5E-4
11 2.5E-4
12 2.5E-4
12 2.5E-4
12 2.5E-4
12 2.5E-4
12 2.5E-4
12 2.5E-4
11 2.5E-4
12 2.5E-4
12 2.5E-4
12 2.5E-4
12 2.5E-4
12 2.5E-4
12 2.5E-4
13 2.5E-4
12 2.5E-4
12 2.5E-4
11 2.5E-4
12 2.5E-4
12 2.5E-4
9 2.5E-4
13 2.2222222222222223E-4
16 2.2222222222222223E-4
16 2.2222222222222223E-4
16 2.2222222222222223E-4
16 2.2222222222222223E-4
12 2.2222222222222223E-4
15 2.2222222222222223E-4
16 2.2222222222222223E-4
16 2.2222222222222223E-4
13 2.2222222222222223E-4
13 2.2222222222222223E-4
14 2.2222222222222223E-4
14 2.2222222222222223E-4
14 2.2222222222222223E-4
14 2.2222222222222223E-4
14 2.0E-4
12 2.0E-4
11 2.0E-4
12 2.0E-4
12 2.0E-4
14 2.0E-4
13 2.0E-4
15 2.0E-4
14 1.8181818181818183E-4
16 1.6666666666666666E-4
15 1.6666666666666666E-4
16 1.6666666666666666E-4
17 1.6666666666666666E-4
18 1.5384615384615385E-4
