1 1.002
1 1.002
1 1.002
1 1.002
1 1.002
1 1.002
1 1.002
1 1.002
1 1.002
1 1.002
1 1.002
2 1.001
2 1.001
2 1.001
3 1.001
3 1.001
3 1.001
3 1.001
3 1.001
3 1.001
4 0.6673333333333332
4 0.6673333333333332
4 0.6673333333333332
4 0.6673333333333332
4 0.6673333333333332
4 0.6673333333333332
4 0.6673333333333332
4 0.6673333333333332
4 0.6673333333333332
4 0.6673333333333332
4 0.6673333333333332
4 0.6673333333333332
4 0.6673333333333332
4 0.6673333333333332
4 0.6673333333333332
4 0.6673333333333332
4 0.6673333333333332
4 0.6673333333333332
3 0.6673333333333332
4 0.6673333333333332
4 0.6673333333333332
4 0.6673333333333332
4 0.6673333333333332
4 0.6673333333333332
4 0.6673333333333332
4 0.6673333333333332
4 0.6673333333333332
4 0.6673333333333332
4 0.6673333333333332
4 0.6673333333333332
4 0.6673333333333332
4 0.6673333333333332
4 0.6673333333333332
4 0.6673333333333332
4 0.6673333333333332
4 0.6673333333333332
4 0.6673333333333332
4 0.6673333333333332
4 0.6673333333333332
4 0.6673333333333332
4 0.6673333333333332
4 0.6673333333333332
4 0.6673333333333332
4 0.6673333333333332
4 0.6673333333333332
4 0.6673333333333332
4 0.6673333333333332
4 0.6673333333333332
5 0.6673333333333332
5 0.6673333333333332
5 0.6673333333333332
5 0.6673333333333332
5 0.6673333333333332
5 0.6673333333333332
5 0.6673333333333332
5 0.6673333333333332
5 0.6673333333333332
5 0.6673333333333332
5 0.6673333333333332
5 0.6673333333333332
8 0.6003999999999999
8 0.6003999999999999
8 0.6003999999999999
2 0.501
3 0.501
2 0.501
3 0.501
2 0.501
3 0.501
2 0.501
3 0.501
4 0.501
3 0.501
5 0.501
4 0.501
3 0.501
2 0.501
4 0.501
3 0.501
3 0.501
2 0.501
4 0.501
3 0.501
4 0.501
3 0.501
5 0.501
4 0.501
3 0.501
3 0.501
3 0.501
3 0.501
3 0.501
3 0.501
2 0.501
3 0.501
3 0.501
3 0.501
3 0.501
3 0.501
3 0.501
2 0.501
2 0.501
2 0.501
2 0.501
2 0.501
2 0.501
2 0.501
1 0.501
2 0.501
2 0.501
2 0.501
2 0.501
2 0.501
2 0.501
1 0.501
2 0.501
2 0.501
2 0.501
2 0.501
1 0.501
2 0.501
2 0.501
2 0.501
3 0.501
2 0.501
3 0.501
3 0.501
3 0.501
2 0.501
1 0.501
3 0.501
2 0.501
2 0.501
1 0.501
3 0.501
3 0.501
6 0.5005
6 0.5005
6 0.5005
6 0.5005
6 0.5005
6 0.5005
7 0.5005
8 0.5005
7 0.5005
7 0.5005
6 0.5005
6 0.5005
7 0.5005
6 0.5005
6 0.5005
5 0.5005
6 0.5005
7 0.5005
6 0.5005
6 0.5005
5 0.5005
7 0.5005
8 0.5005
7 0.5005
7 0.5005
6 0.5005
5 0.5005
5 0.5005
4 0.5005
5 0.5005
5 0.5005
5 0.5005
5 0.5005
5 0.5005
5 0.5005
5 0.5005
7 0.5005
6 0.5005
7 0.5005
7 0.5005
7 0.5005
6 0.5005
6 0.5005
5 0.5005
6 0.5005
6 0.5005
6 0.5005
6 0.5005
6 0.5005
6 0.5005
6 0.5005
6 0.5005
5 0.5005
6 0.5005
6 0.5005
6 0.5005
6 0.5005
6 0.5005
5 0.5005
6 0.5005
6 0.5005
6 0.5005
6 0.5005
6 0.5005
6 0.5005
6 0.5005
6 0.5005
5 0.5005
6 0.5005
6 0.5005
6 0.5005
5 0.5005
5 0.5005
5 0.5005
5 0.5005
6 0.5005
5 0.5005
5 0.5005
4 0.5005
5 0.5005
6 0.5005
14 0.4288571428571428
13 0.4288571428571428
14 0.4288571428571428
14 0.4288571428571428
14 0.4288571428571428
13 0.4288571428571428
12 0.4288571428571428
13 0.4288571428571428
13 0.4288571428571428
13 0.4288571428571428
13 0.4288571428571428
12 0.4288571428571428
13 0.4288571428571428
13 0.4288571428571428
13 0.4288571428571428
14 0.4288571428571428
13 0.4288571428571428
14 0.4288571428571428
14 0.4288571428571428
14 0.4288571428571428
12 0.4288571428571428
11 0.4288571428571428
12 0.4288571428571428
12 0.4288571428571428
12 0.4288571428571428
11 0.4288571428571428
11 0.4288571428571428
10 0.4288571428571428
11 0.4288571428571428
11 0.4288571428571428
11 0.4288571428571428
11 0.4288571428571428
11 0.4288571428571428
11 0.4288571428571428
11 0.4288571428571428
12 0.4288571428571428
11 0.4288571428571428
12 0.4288571428571428
12 0.4288571428571428
12 0.4288571428571428
8 0.4004
8 0.4004
7 0.4004
7 0.4004
8 0.4004
8 0.4004
8 0.4004
8 0.4004
8 0.4004
8 0.4004
8 0.4004
8 0.4004
8 0.4004
7 0.4004
7 0.4004
8 0.4004
8 0.4004
8 0.4004
8 0.4004
8 0.4004
8 0.4004
8 0.4004
8 0.4004
8 0.4004
7 0.4004
7 0.4004
8 0.4004
8 0.4004
8 0.4004
8 0.4004
8 0.4004
8 0.4004
8 0.4004
8 0.4004
8 0.4004
7 0.4004
7 0.4004
8 0.4004
8 0.4004
8 0.4004
8 0.4004
8 0.4004
8 0.4004
8 0.4004
8 0.4004
8 0.4004
7 0.4004
7 0.4004
8 0.4004
8 0.4004
