1 1.002
1 1.002
1 1.002
1 1.002
1 1.002
1 1.002
1 1.002
1 1.002
1 1.002
1 1.002
1 1.002
2 1.001
2 1.001
2 1.001
3 1.001
3 1.001
3 1.001
3 1.001
3 1.001
3 1.001
4 0.6673333333333332
4 0.6673333333333332
4 0.6673333333333332
4 0.6673333333333332
4 0.6673333333333332
4 0.6673333333333332
4 0.6673333333333332
4 0.6673333333333332
4 0.6673333333333332
4 0.6673333333333332
4 0.6673333333333332
4 0.6673333333333332
4 0.6673333333333332
4 0.6673333333333332
4 0.6673333333333332
4 0.6673333333333332
4 0.6673333333333332
4 0.6673333333333332
3 0.6673333333333332
4 0.6673333333333332
4 0.6673333333333332
4 0.6673333333333332
4 0.6673333333333332
4 0.6673333333333332
4 0.6673333333333332
4 0.6673333333333332
4 0.6673333333333332
4 0.6673333333333332
4 0.6673333333333332
4 0.6673333333333332
4 0.6673333333333332
4 0.6673333333333332
4 0.6673333333333332
4 0.6673333333333332
4 0.6673333333333332
4 0.6673333333333332
4 0.6673333333333332
4 0.6673333333333332
4 0.6673333333333332
4 0.6673333333333332
4 0.6673333333333332
4 0.6673333333333332
4 0.6673333333333332
4 0.6673333333333332
4 0.6673333333333332
4 0.6673333333333332
4 0.6673333333333332
4 0.6673333333333332
5 0.6673333333333332
5 0.6673333333333332
5 0.6673333333333332
5 0.6673333333333332
5 0.6673333333333332
5 0.6673333333333332
5 0.6673333333333332
5 0.6673333333333332
5 0.6673333333333332
5 0.6673333333333332
5 0.6673333333333332
5 0.6673333333333332
8 0.6003999999999999
8 0.6003999999999999
8 0.6003999999999999
2 0.501
3 0.501
2 0.501
3 0.501
2 0.501
3 0.501
2 0.501
3 0.501
4 0.501
3 0.501
5 0.501
4 0.501
3 0.501
2 0.501
4 0.501
3 0.501
3 0.501
2 0.501
4 0.501
3 0.501
4 0.501
3 0.501
5 0.501
4 0.501
3 0.501
3 0.501
3 0.501
3 0.501
3 0.501
3 0.501
2 0.501
3 0.501
3 0.501
3 0.501
3 0.501
3 0.501
3 0.501
2 0.501
2 0.501
2 0.501
2 0.501
2 0.501
2 0.501
2 0.501
1 0.501
2 0.501
2 0.501
2 0.501
2 0.501
2 0.501
2 0.501
1 0.501
2 0.501
2 0.501
2 0.501
2 0.501
1 0.501
2 0.501
2 0.501
2 0.501
3 0.501
2 0.501
3 0.501
3 0.501
3 0.501
2 0.501
1 0.501
3 0.501
2 0.501
2 0.501
1 0.501
3 0.501
3 0.501
6 0.5005
6 0.5005
6 0.5005
6 0.5005
6 0.5005
6 0.5005
7 0.5005
8 0.5005
7 0.5005
7 0.5005
6 0.5005
6 0.5005
7 0.5005
6 0.5005
6 0.5005
5 0.5005
6 0.5005
7 0.5005
6 0.5005
6 0.5005
5 0.5005
7 0.5005
8 0.5005
7 0.5005
7 0.5005
6 0.5005
5 0.5005
5 0.5005
4 0.5005
5 0.5005
5 0.5005
5 0.5005
5 0.5005
5 0.5005
5 0.5005
5 0.5005
7 0.5005
6 0.5005
7 0.5005
7 0.5005
7 0.5005
6 0.5005
6 0.5005
5 0.5005
6 0.5005
6 0.5005
6 0.5005
6 0.5005
6 0.5005
6 0.5005
6 0.5005
6 0.5005
5 0.5005
6 0.5005
6 0.5005
6 0.5005
6 0.5005
6 0.5005
5 0.5005
6 0.5005
6 0.5005
6 0.5005
6 0.5005
6 0.5005
6 0.5005
6 0.5005
6 0.5005
5 0.5005
6 0.5005
6 0.5005
6 0.5005
5 0.5005
5 0.5005
5 0.5005
5 0.5005
6 0.5005
5 0.5005
5 0.5005
4 0.5005
5 0.5005
6 0.5005
14 0.4288571428571428
13 0.4288571428571428
14 0.4288571428571428
14 0.4288571428571428
14 0.4288571428571428
13 0.4288571428571428
12 0.4288571428571428
13 0.4288571428571428
13 0.4288571428571428
13 0.4288571428571428
13 0.4288571428571428
12 0.4288571428571428
13 0.4288571428571428
13 0.4288571428571428
13 0.4288571428571428
14 0.4288571428571428
13 0.4288571428571428
14 0.4288571428571428
14 0.4288571428571428
14 0.4288571428571428
12 0.4288571428571428
11 0.4288571428571428
12 0.4288571428571428
12 0.4288571428571428
12 0.4288571428571428
11 0.4288571428571428
11 0.4288571428571428
10 0.4288571428571428
11 0.4288571428571428
11 0.4288571428571428
11 0.4288571428571428
11 0.4288571428571428
11 0.4288571428571428
11 0.4288571428571428
11 0.4288571428571428
12 0.4288571428571428
11 0.4288571428571428
12 0.4288571428571428
12 0.4288571428571428
12 0.4288571428571428
8 0.4004
8 0.4004
7 0.4004
7 0.4004
8 0.4004
8 0.4004
8 0.4004
8 0.4004
8 0.4004
8 0.4004
8 0.4004
8 0.4004
8 0.4004
7 0.4004
7 0.4004
8 0.4004
8 0.4004
8 0.4004
8 0.4004
8 0.4004
8 0.4004
8 0.4004
8 0.4004
8 0.4004
7 0.4004
7 0.4004
8 0.4004
8 0.4004
8 0.4004
8 0.4004
8 0.4004
8 0.4004
8 0.4004
8 0.4004
8 0.4004
7 0.4004
7 0.4004
8 0.4004
8 0.4004
8 0.4004
8 0.4004
8 0.4004
8 0.4004
8 0.4004
8 0.4004
8 0.4004
7 0.4004
7 0.4004
8 0.4004
8 0.4004
8 0.4004
8 0.4004
8 0.4004
8 0.4004
8 0.4004
8 0.4004
8 0.4004
7 0.4004
7 0.4004
8 0.4004
8 0.4004
8 0.4004
8 0.4004
8 0.4004
8 0.4004
8 0.4004
7 0.4004
7 0.4004
7 0.4004
7 0.4004
7 0.4004
7 0.4004
8 0.4004
8 0.4004
7 0.4004
8 0.4004
8 0.4004
8 0.4004
8 0.4004
8 0.4004
8 0.4004
8 0.4004
9 0.4004
8 0.4004
9 0.4004
9 0.4004
9 0.4004
8 0.4004
8 0.4004
7 0.4004
8 0.4004
8 0.4004
8 0.4004
8 0.4004
8 0.4004
8 0.4004
8 0.4004
9 0.4004
8 0.4004
9 0.4004
9 0.4004
9 0.4004
8 0.4004
8 0.4004
7 0.4004
8 0.4004
8 0.4004
8 0.4004
8 0.4004
8 0.4004
8 0.4004
8 0.4004
9 0.4004
8 0.4004
9 0.4004
9 0.4004
9 0.4004
8 0.4004
8 0.4004
7 0.4004
8 0.4004
8 0.4004
8 0.4004
8 0.4004
8 0.4004
8 0.4004
8 0.4004
9 0.4004
8 0.4004
9 0.4004
9 0.4004
9 0.4004
7 0.4004
7 0.4004
7 0.4004
7 0.4004
7 0.4004
7 0.4004
8 0.4004
8 0.4004
8 0.4004
5 0.4004
5 0.4004
5 0.4004
6 0.4004
6 0.4004
6 0.4004
6 0.4004
6 0.4004
6 0.4004
8 0.4004
8 0.4004
8 0.4004
6 0.4004
6 0.4004
6 0.4004
6 0.4004
6 0.4004
6 0.4004
7 0.4004
7 0.4004
7 0.4004
7 0.4004
7 0.4004
7 0.4004
9 0.4004
9 0.4004
9 0.4004
8 0.4004
8 0.4004
8 0.4004
8 0.4004
8 0.4004
8 0.4004
7 0.4004
4 0.334
4 0.334
3 0.334
3 0.334
4 0.334
4 0.334
4 0.334
4 0.334
4 0.334
4 0.334
4 0.334
4 0.334
3 0.334
3 0.334
3 0.334
5 0.334
5 0.334
5 0.334
5 0.334
5 0.334
5 0.334
4 0.334
5 0.334
5 0.334
5 0.334
5 0.334
5 0.334
5 0.334
4 0.334
5 0.334
5 0.334
5 0.334
5 0.334
5 0.334
5 0.334
4 0.334
5 0.334
5 0.334
5 0.334
5 0.334
5 0.334
5 0.334
4 0.334
3 0.334
4 0.334
3 0.334
4 0.334
7 0.334
7 0.334
7 0.334
7 0.334
5 0.334
5 0.334
5 0.334
5 0.334
4 0.334
4 0.334
5 0.334
7 0.334
7 0.334
5 0.334
5 0.334
5 0.334
5 0.334
5 0.334
5 0.334
5 0.334
5 0.334
4 0.334
5 0.334
6 0.334
6 0.334
6 0.334
6 0.334
4 0.334
4 0.334
4 0.334
4 0.334
3 0.334
3 0.334
4 0.334
6 0.334
6 0.334
4 0.334
4 0.334
4 0.334
4 0.334
4 0.334
4 0.334
4 0.334
4 0.334
3 0.334
4 0.334
6 0.334
6 0.334
6 0.334
6 0.334
4 0.334
4 0.334
4 0.334
4 0.334
3 0.334
3 0.334
4 0.334
6 0.334
6 0.334
4 0.334
4 0.334
4 0.334
4 0.334
4 0.334
4 0.334
4 0.334
4 0.334
3 0.334
4 0.334
7 0.334
7 0.334
7 0.334
7 0.334
5 0.334
5 0.334
5 0.334
5 0.334
4 0.334
4 0.334
5 0.334
7 0.334
7 0.334
5 0.334
5 0.334
5 0.334
5 0.334
5 0.334
5 0.334
5 0.334
5 0.334
4 0.334
5 0.334
4 0.334
6 0.334
4 0.334
4 0.334
5 0.334
5 0.334
5 0.334
5 0.334
5 0.334
4 0.334
6 0.334
3 0.334
3 0.334
4 0.334
4 0.334
4 0.334
4 0.334
4 0.334
3 0.334
5 0.334
3 0.334
3 0.334
4 0.334
4 0.334
4 0.334
4 0.334
4 0.334
4 0.334
5 0.334
5 0.334
5 0.334
5 0.334
3 0.334
3 0.334
3 0.334
3 0.334
2 0.334
2 0.334
3 0.334
5 0.334
5 0.334
3 0.334
3 0.334
3 0.334
3 0.334
3 0.334
3 0.334
3 0.334
3 0.334
2 0.334
3 0.334
5 0.334
5 0.334
5 0.334
5 0.334
5 0.334
5 0.334
8 0.3336666666666666
8 0.3336666666666666
8 0.3336666666666666
8 0.3336666666666666
8 0.3336666666666666
8 0.3336666666666666
8 0.3336666666666666
8 0.3336666666666666
8 0.3336666666666666
8 0.3336666666666666
8 0.3336666666666666
8 0.3336666666666666
7 0.3336666666666666
7 0.3336666666666666
7 0.3336666666666666
7 0.3336666666666666
8 0.3336666666666666
8 0.3336666666666666
8 0.3336666666666666
8 0.3336666666666666
8 0.3336666666666666
8 0.3336666666666666
8 0.3336666666666666
8 0.3336666666666666
9 0.3336666666666666
9 0.3336666666666666
8 0.3336666666666666
9 0.3336666666666666
9 0.3336666666666666
9 0.3336666666666666
9 0.3336666666666666
9 0.3336666666666666
9 0.3336666666666666
9 0.3336666666666666
10 0.3336666666666666
9 0.3336666666666666
10 0.3336666666666666
10 0.3336666666666666
10 0.3336666666666666
9 0.3336666666666666
9 0.3336666666666666
8 0.3336666666666666
9 0.3336666666666666
9 0.3336666666666666
9 0.3336666666666666
9 0.3336666666666666
9 0.3336666666666666
9 0.3336666666666666
9 0.3336666666666666
10 0.3336666666666666
9 0.3336666666666666
10 0.3336666666666666
10 0.3336666666666666
10 0.3336666666666666
12 0.3336666666666666
12 0.3336666666666666
12 0.3336666666666666
12 0.3336666666666666
12 0.3336666666666666
11 0.3336666666666666
11 0.3336666666666666
11 0.3336666666666666
11 0.3336666666666666
11 0.3336666666666666
11 0.3336666666666666
11 0.3336666666666666
11 0.3336666666666666
11 0.3336666666666666
11 0.3336666666666666
12 0.3336666666666666
12 0.3336666666666666
12 0.3336666666666666
12 0.3336666666666666
12 0.3336666666666666
10 0.3336666666666666
9 0.3336666666666666
9 0.3336666666666666
10 0.3336666666666666
10 0.3336666666666666
10 0.3336666666666666
9 0.3336666666666666
9 0.3336666666666666
9 0.3336666666666666
10 0.3336666666666666
10 0.3336666666666666
10 0.3336666666666666
9 0.3336666666666666
9 0.3336666666666666
8 0.3336666666666666
9 0.3336666666666666
9 0.3336666666666666
9 0.3336666666666666
9 0.3336666666666666
9 0.3336666666666666
9 0.3336666666666666
9 0.3336666666666666
9 0.3336666666666666
9 0.3336666666666666
9 0.3336666666666666
10 0.3336666666666666
10 0.3336666666666666
10 0.3336666666666666
10 0.3336666666666666
10 0.3336666666666666
11 0.3336666666666666
10 0.3336666666666666
10 0.3336666666666666
10 0.3336666666666666
10 0.3336666666666666
10 0.3336666666666666
17 0.33355555555555555
16 0.33355555555555555
16 0.33355555555555555
17 0.33355555555555555
15 0.33355555555555555
15 0.33355555555555555
18 0.30019999999999997
18 0.30019999999999997
18 0.30019999999999997
18 0.30019999999999997
18 0.30019999999999997
18 0.30019999999999997
17 0.30019999999999997
17 0.30019999999999997
17 0.30019999999999997
17 0.30019999999999997
17 0.30019999999999997
17 0.30019999999999997
17 0.30019999999999997
17 0.30019999999999997
17 0.30019999999999997
17 0.30019999999999997
17 0.30019999999999997
17 0.30019999999999997
18 0.30019999999999997
18 0.30019999999999997
18 0.30019999999999997
18 0.30019999999999997
18 0.30019999999999997
18 0.30019999999999997
16 0.30019999999999997
16 0.30019999999999997
16 0.30019999999999997
16 0.30019999999999997
16 0.30019999999999997
16 0.30019999999999997
16 0.30019999999999997
16 0.30019999999999997
16 0.30019999999999997
16 0.30019999999999997
16 0.30019999999999997
16 0.30019999999999997
10 0.286
10 0.286
9 0.286
10 0.286
10 0.286
10 0.286
10 0.286
10 0.286
10 0.286
10 0.286
11 0.286
10 0.286
11 0.286
11 0.286
11 0.286
11 0.286
10 0.286
11 0.286
11 0.286
11 0.286
12 0.286
12 0.286
12 0.286
12 0.286
10 0.286
10 0.286
9 0.286
10 0.286
10 0.286
10 0.286
10 0.286
10 0.286
10 0.286
10 0.286
11 0.286
10 0.286
11 0.286
11 0.286
11 0.286
10 0.286
10 0.286
9 0.286
10 0.286
10 0.286
10 0.286
10 0.286
10 0.286
10 0.286
10 0.286
11 0.286
10 0.286
11 0.286
11 0.286
11 0.286
12 0.286
11 0.286
11 0.286
12 0.286
11 0.286
11 0.286
10 0.286
11 0.286
11 0.286
11 0.286
11 0.286
11 0.286
11 0.286
11 0.286
12 0.286
11 0.286
12 0.286
12 0.286
12 0.286
11 0.286
11 0.286
11 0.286
11 0.286
11 0.286
11 0.286
10 0.286
10 0.286
10 0.286
10 0.286
10 0.286
10 0.286
10 0.286
10 0.286
10 0.286
10 0.286
10 0.286
10 0.286
9 0.286
9 0.286
9 0.286
9 0.286
9 0.286
9 0.286
8 0.286
8 0.286
7 0.286
8 0.286
8 0.286
8 0.286
8 0.286
8 0.286
8 0.286
8 0.286
10 0.286
10 0.286
9 0.286
10 0.286
10 0.286
10 0.286
10 0.286
10 0.286
10 0.286
10 0.286
9 0.286
9 0.286
8 0.286
9 0.286
9 0.286
9 0.286
9 0.286
9 0.286
9 0.286
9 0.286
10 0.286
9 0.286
10 0.286
10 0.286
10 0.286
9 0.286
9 0.286
9 0.286
11 0.286
11 0.286
10 0.286
11 0.286
11 0.286
11 0.286
11 0.286
11 0.286
11 0.286
11 0.286
12 0.286
11 0.286
12 0.286
12 0.286
12 0.286
9 0.286
9 0.286
8 0.286
9 0.286
9 0.286
9 0.286
9 0.286
9 0.286
9 0.286
9 0.286
10 0.286
9 0.286
10 0.286
10 0.286
10 0.286
11 0.286
11 0.286
11 0.286
10 0.286
10 0.286
9 0.286
10 0.286
10 0.286
10 0.286
10 0.286
10 0.286
10 0.286
10 0.286
11 0.286
11 0.286
10 0.286
11 0.286
11 0.286
11 0.286
11 0.286
11 0.286
11 0.286
11 0.286
10 0.286
10 0.286
9 0.286
10 0.286
10 0.286
10 0.286
10 0.286
10 0.286
10 0.286
10 0.286
11 0.286
10 0.286
11 0.286
11 0.286
11 0.286
12 0.286
12 0.286
11 0.286
12 0.286
12 0.286
12 0.286
12 0.286
12 0.286
12 0.286
12 0.286
13 0.286
12 0.286
13 0.286
13 0.286
13 0.286
8 0.286
8 0.286
8 0.286
10 0.286
10 0.286
5 0.2505
4 0.2505
5 0.2505
4 0.2505
6 0.2505
8 0.2505
6 0.2505
6 0.2505
7 0.2505
7 0.2505
7 0.2505
7 0.2505
7 0.2505
6 0.2505
8 0.2505
6 0.2505
6 0.2505
7 0.2505
7 0.2505
7 0.2505
7 0.2505
7 0.2505
6 0.2505
8 0.2505
6 0.2505
6 0.2505
7 0.2505
7 0.2505
7 0.2505
7 0.2505
7 0.2505
6 0.2505
8 0.2505
6 0.2505
6 0.2505
7 0.2505
7 0.2505
7 0.2505
7 0.2505
7 0.2505
4 0.2505
5 0.2505
4 0.2505
5 0.2505
6 0.2505
6 0.2505
6 0.2505
6 0.2505
6 0.2505
6 0.2505
5 0.2505
6 0.2505
6 0.2505
6 0.2505
6 0.2505
6 0.2505
6 0.2505
5 0.2505
6 0.2505
10 0.2505
8 0.2505
7 0.2505
5 0.2505
9 0.2505
7 0.2505
6 0.2505
5 0.2505
9 0.2505
7 0.2505
6 0.2505
6 0.2505
10 0.2505
8 0.2505
7 0.2505
5 0.2505
6 0.2505
5 0.2505
5 0.2505
4 0.2505
5 0.2505
5 0.2505
7 0.2505
7 0.2505
7 0.2505
7 0.2505
5 0.2505
5 0.2505
5 0.2505
5 0.2505
7 0.2505
7 0.2505
7 0.2505
6 0.2505
5 0.2505
5 0.2505
5 0.2505
5 0.2505
6 0.2505
6 0.2505
6 0.2505
6 0.2505
4 0.2505
4 0.2505
4 0.2505
4 0.2505
5 0.2505
4 0.2505
5 0.2505
5 0.2505
5 0.2505
5 0.2505
4 0.2505
5 0.2505
5 0.2505
5 0.2505
5 0.2505
5 0.2505
4 0.2505
5 0.2505
5 0.2505
5 0.2505
5 0.2505
4 0.2505
3 0.2505
5 0.2505
5 0.2505
5 0.2505
4 0.2505
5 0.2505
5 0.2505
6 0.2505
6 0.2505
6 0.2505
5 0.2505
6 0.2505
6 0.2505
4 0.2505
3 0.2505
5 0.2505
6 0.2505
5 0.2505
4 0.2505
6 0.2505
7 0.2505
5 0.2505
5 0.2505
5 0.2505
5 0.2505
5 0.2505
5 0.2505
5 0.2505
5 0.2505
5 0.2505
5 0.2505
5 0.2505
4 0.2505
8 0.2505
6 0.2505
5 0.2505
5 0.2505
8 0.2505
6 0.2505
13 0.25025
13 0.25025
13 0.25025
13 0.25025
13 0.25025
13 0.25025
13 0.25025
13 0.25025
13 0.25025
13 0.25025
13 0.25025
13 0.25025
13 0.25025
13 0.25025
13 0.25025
13 0.25025
13 0.25025
13 0.25025
13 0.25025
13 0.25025
13 0.25025
13 0.25025
13 0.25025
13 0.25025
11 0.25025
11 0.25025
11 0.25025
13 0.25025
13 0.25025
14 0.25025
13 0.25025
13 0.25025
13 0.25025
13 0.25025
12 0.25025
12 0.25025
12 0.25025
13 0.25025
12 0.25025
12 0.25025
12 0.25025
14 0.25025
13 0.25025
13 0.25025
13 0.25025
10 0.25025
10 0.25025
10 0.25025
13 0.25025
13 0.25025
13 0.25025
10 0.25025
10 0.25025
10 0.25025
14 0.25025
13 0.25025
14 0.25025
14 0.25025
14 0.25025
11 0.25025
11 0.25025
11 0.25025
13 0.25025
12 0.25025
13 0.25025
13 0.25025
13 0.25025
10 0.25025
10 0.25025
10 0.25025
14 0.25025
13 0.25025
14 0.25025
14 0.25025
14 0.25025
13 0.25025
12 0.25025
13 0.25025
13 0.25025
13 0.25025
12 0.25025
11 0.25025
11 0.25025
11 0.25025
12 0.25025
11 0.25025
11 0.25025
11 0.25025
13 0.25025
14 0.25025
14 0.25025
14 0.22244444444444442
14 0.22244444444444442
14 0.22244444444444442
14 0.22244444444444442
14 0.22244444444444442
14 0.22244444444444442
14 0.22244444444444442
14 0.22244444444444442
14 0.22244444444444442
14 0.22244444444444442
14 0.22244444444444442
14 0.22244444444444442
14 0.22244444444444442
14 0.22244444444444442
14 0.22244444444444442
14 0.22244444444444442
15 0.22244444444444442
14 0.22244444444444442
14 0.22244444444444442
15 0.22244444444444442
15 0.22244444444444442
12 0.22244444444444442
12 0.22244444444444442
12 0.22244444444444442
13 0.22244444444444442
13 0.22244444444444442
12 0.22244444444444442
13 0.22244444444444442
13 0.22244444444444442
13 0.22244444444444442
13 0.22244444444444442
13 0.22244444444444442
13 0.22244444444444442
13 0.22244444444444442
13 0.22244444444444442
13 0.22244444444444442
12 0.22244444444444442
13 0.22244444444444442
13 0.22244444444444442
13 0.22244444444444442
13 0.22244444444444442
13 0.22244444444444442
13 0.22244444444444442
13 0.22244444444444442
13 0.22244444444444442
13 0.22244444444444442
13 0.22244444444444442
12 0.22244444444444442
13 0.22244444444444442
13 0.22244444444444442
13 0.22244444444444442
13 0.22244444444444442
13 0.22244444444444442
13 0.22244444444444442
13 0.22244444444444442
15 0.22244444444444442
11 0.22244444444444442
11 0.22244444444444442
11 0.22244444444444442
11 0.22244444444444442
11 0.22244444444444442
11 0.22244444444444442
13 0.22244444444444442
15 0.22244444444444442
14 0.22244444444444442
15 0.22244444444444442
15 0.22244444444444442
15 0.22244444444444442
14 0.22244444444444442
16 0.22244444444444442
11 0.22244444444444442
11 0.22244444444444442
10 0.22244444444444442
11 0.22244444444444442
11 0.22244444444444442
11 0.22244444444444442
11 0.22244444444444442
11 0.22244444444444442
11 0.22244444444444442
11 0.22244444444444442
13 0.22244444444444442
13 0.22244444444444442
6 0.2004
6 0.2004
5 0.2004
6 0.2004
6 0.2004
6 0.2004
6 0.2004
6 0.2004
6 0.2004
6 0.2004
7 0.2004
7 0.2004
7 0.2004
7 0.2004
7 0.2004
7 0.2004
6 0.2004
7 0.2004
7 0.2004
7 0.2004
7 0.2004
7 0.2004
7 0.2004
6 0.2004
9 0.2004
9 0.2004
9 0.2004
9 0.2004
7 0.2004
7 0.2004
7 0.2004
7 0.2004
9 0.2004
9 0.2004
9 0.2004
9 0.2004
7 0.2004
7 0.2004
7 0.2004
7 0.2004
9 0.2004
9 0.2004
9 0.2004
9 0.2004
7 0.2004
7 0.2004
7 0.2004
7 0.2004
9 0.2004
9 0.2004
9 0.2004
9 0.2004
7 0.2004
7 0.2004
7 0.2004
7 0.2004
7 0.2004
7 0.2004
7 0.2004
7 0.2004
7 0.2004
7 0.2004
6 0.2004
7 0.2004
7 0.2004
7 0.2004
7 0.2004
7 0.2004
7 0.2004
6 0.2004
9 0.2004
7 0.2004
7 0.2004
8 0.2004
8 0.2004
8 0.2004
8 0.2004
8 0.2004
7 0.2004
9 0.2004
7 0.2004
7 0.2004
8 0.2004
8 0.2004
8 0.2004
8 0.2004
8 0.2004
10 0.2004
8 0.2004
9 0.2004
9 0.2004
9 0.2004
7 0.2004
8 0.2004
8 0.2004
9 0.2004
7 0.2004
8 0.2004
8 0.2004
10 0.2004
8 0.2004
9 0.2004
9 0.2004
8 0.2004
8 0.2004
8 0.2004
8 0.2004
8 0.2004
8 0.2004
7 0.2004
9 0.2004
9 0.2004
9 0.2004
9 0.2004
7 0.2004
7 0.2004
8 0.2004
8 0.2004
6 0.2004
8 0.2004
9 0.2004
9 0.2004
9 0.2004
9 0.2004
9 0.2004
9 0.2004
6 0.2004
7 0.2004
8 0.2004
8 0.2004
6 0.2004
8 0.2004
9 0.2004
9 0.2004
8 0.2004
8 0.2004
8 0.2004
8 0.2004
6 0.2004
6 0.2004
7 0.2004
7 0.2004
5 0.2004
7 0.2004
8 0.2004
8 0.2004
9 0.2004
8 0.2004
9 0.2004
9 0.2004
9 0.2004
7 0.2004
7 0.2004
6 0.2004
7 0.2004
7 0.2004
7 0.2004
8 0.2004
6 0.2004
6 0.2004
6 0.2004
5 0.2004
5 0.2004
5 0.2004
5 0.2004
5 0.2004
5 0.2004
6 0.2004
6 0.2004
6 0.2004
6 0.2004
6 0.2004
6 0.2004
6 0.2004
6 0.2004
6 0.2004
6 0.2004
6 0.2004
6 0.2004
5 0.2004
8 0.2004
8 0.2004
8 0.2004
8 0.2004
8 0.2004
8 0.2004
7 0.2004
6 0.2004
7 0.2004
6 0.2004
6 0.2004
5 0.2004
6 0.2004
6 0.2004
6 0.2004
6 0.2004
5 0.2004
6 0.2004
6 0.2004
5 0.2004
6 0.2004
6 0.2004
6 0.2004
6 0.2004
7 0.2004
8 0.2004
6 0.2004
6 0.2004
6 0.2004
6 0.2004
6 0.2004
6 0.2004
5 0.2004
6 0.2004
6 0.2004
6 0.2004
6 0.2004
6 0.2004
6 0.2004
7 0.2004
7 0.2004
7 0.2004
7 0.2004
7 0.2004
7 0.2004
7 0.2004
7 0.2004
7 0.2004
7 0.2004
7 0.2004
7 0.2004
6 0.2004
9 0.2004
9 0.2004
9 0.2004
9 0.2004
9 0.2004
9 0.2004
8 0.2004
7 0.2004
6 0.2004
8 0.2004
6 0.2004
7 0.2004
7 0.2004
8 0.2004
6 0.2004
7 0.2004
7 0.2004
15 0.2002
15 0.2002
15 0.2002
15 0.2002
15 0.2002
15 0.2002
15 0.2002
15 0.2002
15 0.2002
15 0.2002
15 0.2002
15 0.2002
15 0.2002
14 0.2002
15 0.2002
15 0.2002
15 0.2002
15 0.2002
15 0.2002
15 0.2002
15 0.2002
15 0.2002
15 0.2002
15 0.2002
15 0.2002
15 0.2002
15 0.2002
15 0.2002
15 0.2002
16 0.2002
