8 0.09000000000000001
8 0.09000000000000001
8 0.09000000000000001
7 0.09000000000000001
7 0.09000000000000001
7 0.09000000000000001
7 0.09000000000000001
7 0.09000000000000001
7 0.09000000000000001
8 0.09000000000000001
8 0.09000000000000001
8 0.09000000000000001
8 0.09000000000000001
8 0.09000000000000001
8 0.09000000000000001
7 0.09000000000000001
7 0.09000000000000001
7 0.09000000000000001
11 0.08600000000000001
11 0.08600000000000001
10 0.08600000000000001
11 0.08600000000000001
11 0.08600000000000001
11 0.08600000000000001
11 0.08600000000000001
11 0.08600000000000001
11 0.08600000000000001
11 0.08600000000000001
13 0.08600000000000001
13 0.08600000000000001
13 0.08600000000000001
13 0.08600000000000001
13 0.08600000000000001
10 0.08600000000000001
10 0.08600000000000001
9 0.08600000000000001
10 0.08600000000000001
10 0.08600000000000001
10 0.08600000000000001
10 0.08600000000000001
10 0.08600000000000001
10 0.08600000000000001
10 0.08600000000000001
12 0.08600000000000001
12 0.08600000000000001
12 0.08600000000000001
12 0.08600000000000001
12 0.08600000000000001
10 0.08600000000000001
10 0.08600000000000001
9 0.08600000000000001
10 0.08600000000000001
10 0.08600000000000001
10 0.08600000000000001
10 0.08600000000000001
10 0.08600000000000001
10 0.08600000000000001
10 0.08600000000000001
12 0.08600000000000001
12 0.08600000000000001
12 0.08600000000000001
12 0.08600000000000001
12 0.08600000000000001
11 0.08600000000000001
11 0.08600000000000001
10 0.08600000000000001
11 0.08600000000000001
11 0.08600000000000001
11 0.08600000000000001
11 0.08600000000000001
11 0.08600000000000001
11 0.08600000000000001
11 0.08600000000000001
13 0.08600000000000001
13 0.08600000000000001
13 0.08600000000000001
13 0.08600000000000001
13 0.08600000000000001
11 0.08600000000000001
11 0.08600000000000001
10 0.08600000000000001
11 0.08600000000000001
11 0.08600000000000001
11 0.08600000000000001
11 0.08600000000000001
11 0.08600000000000001
11 0.08600000000000001
11 0.08600000000000001
13 0.08600000000000001
13 0.08600000000000001
13 0.08600000000000001
13 0.08600000000000001
13 0.08600000000000001
10 0.08600000000000001
10 0.08600000000000001
9 0.08600000000000001
10 0.08600000000000001
10 0.08600000000000001
10 0.08600000000000001
10 0.08600000000000001
10 0.08600000000000001
10 0.08600000000000001
10 0.08600000000000001
12 0.08600000000000001
12 0.08600000000000001
12 0.08600000000000001
12 0.08600000000000001
12 0.08600000000000001
15 0.082
14 0.082
14 0.082
15 0.082
15 0.082
14 0.082
16 0.08
16 0.08
16 0.08
16 0.08
16 0.08
16 0.08
15 0.08
15 0.08
15 0.08
15 0.08
15 0.08
15 0.08
15 0.08
15 0.08
15 0.08
15 0.08
15 0.08
15 0.08
16 0.08
16 0.08
16 0.08
16 0.08
16 0.08
16 0.08
16 0.08
16 0.08
16 0.08
16 0.08
16 0.08
16 0.08
15 0.08
15 0.08
15 0.08
15 0.08
15 0.08
15 0.08
1 0.06266666666666666
1 0.06266666666666666
1 0.06266666666666666
1 0.06266666666666666
1 0.06266666666666666
1 0.06266666666666666
1 0.06266666666666666
1 0.06266666666666666
1 0.06266666666666666
2 0.06066666666666667
2 0.06066666666666667
2 0.06066666666666667
2 0.06066666666666667
2 0.06066666666666667
2 0.06066666666666667
2 0.06066666666666667
2 0.06066666666666667
2 0.06066666666666667
2 0.06066666666666667
2 0.06066666666666667
2 0.06066666666666667
2 0.06066666666666667
2 0.06066666666666667
2 0.06066666666666667
2 0.06066666666666667
2 0.06066666666666667
2 0.06066666666666667
2 0.06066666666666667
2 0.06066666666666667
2 0.06066666666666667
2 0.06066666666666667
2 0.06066666666666667
2 0.06066666666666667
2 0.06066666666666667
2 0.06066666666666667
2 0.06066666666666667
2 0.06066666666666667
2 0.06066666666666667
2 0.06066666666666667
2 0.06066666666666667
2 0.06066666666666667
2 0.06066666666666667
2 0.06066666666666667
2 0.06066666666666667
2 0.06066666666666667
2 0.06066666666666667
2 0.06066666666666667
2 0.06066666666666667
2 0.06066666666666667
2 0.06066666666666667
2 0.06066666666666667
2 0.06066666666666667
2 0.06066666666666667
2 0.06066666666666667
2 0.06066666666666667
2 0.06066666666666667
2 0.06066666666666667
9 0.058666666666666666
7 0.058666666666666666
8 0.058666666666666666
6 0.058666666666666666
8 0.058666666666666666
6 0.058666666666666666
9 0.058666666666666666
7 0.058666666666666666
4 0.058666666666666666
4 0.058666666666666666
3 0.058666666666666666
4 0.058666666666666666
4 0.058666666666666666
4 0.058666666666666666
4 0.058666666666666666
4 0.058666666666666666
4 0.058666666666666666
4 0.058666666666666666
6 0.058666666666666666
6 0.058666666666666666
6 0.058666666666666666
6 0.058666666666666666
6 0.058666666666666666
4 0.058666666666666666
4 0.058666666666666666
3 0.058666666666666666
4 0.058666666666666666
4 0.058666666666666666
4 0.058666666666666666
4 0.058666666666666666
4 0.058666666666666666
4 0.058666666666666666
4 0.058666666666666666
8 0.058666666666666666
8 0.058666666666666666
8 0.058666666666666666
8 0.058666666666666666
8 0.058666666666666666
4 0.058666666666666666
4 0.058666666666666666
3 0.058666666666666666
4 0.058666666666666666
4 0.058666666666666666
4 0.058666666666666666
4 0.058666666666666666
4 0.058666666666666666
4 0.058666666666666666
4 0.058666666666666666
8 0.058666666666666666
8 0.058666666666666666
8 0.058666666666666666
8 0.058666666666666666
8 0.058666666666666666
3 0.058666666666666666
3 0.058666666666666666
3 0.058666666666666666
9 0.058666666666666666
7 0.058666666666666666
8 0.058666666666666666
6 0.058666666666666666
5 0.056666666666666664
5 0.056666666666666664
4 0.056666666666666664
4 0.056666666666666664
5 0.056666666666666664
5 0.056666666666666664
5 0.056666666666666664
5 0.056666666666666664
5 0.056666666666666664
5 0.056666666666666664
5 0.056666666666666664
5 0.056666666666666664
5 0.056666666666666664
4 0.056666666666666664
4 0.056666666666666664
5 0.056666666666666664
5 0.056666666666666664
5 0.056666666666666664
5 0.056666666666666664
5 0.056666666666666664
5 0.056666666666666664
5 0.056666666666666664
5 0.056666666666666664
5 0.056666666666666664
4 0.056666666666666664
4 0.056666666666666664
5 0.056666666666666664
5 0.056666666666666664
5 0.056666666666666664
5 0.056666666666666664
5 0.056666666666666664
5 0.056666666666666664
5 0.056666666666666664
5 0.056666666666666664
5 0.056666666666666664
4 0.056666666666666664
4 0.056666666666666664
5 0.056666666666666664
5 0.056666666666666664
5 0.056666666666666664
5 0.056666666666666664
5 0.056666666666666664
5 0.056666666666666664
5 0.056666666666666664
5 0.056666666666666664
5 0.056666666666666664
4 0.056666666666666664
4 0.056666666666666664
5 0.056666666666666664
5 0.056666666666666664
5 0.056666666666666664
5 0.056666666666666664
5 0.056666666666666664
5 0.056666666666666664
5 0.056666666666666664
5 0.056666666666666664
5 0.056666666666666664
4 0.056666666666666664
4 0.056666666666666664
5 0.056666666666666664
5 0.056666666666666664
5 0.056666666666666664
5 0.056666666666666664
5 0.056666666666666664
5 0.056666666666666664
5 0.056666666666666664
8 0.056666666666666664
8 0.056666666666666664
8 0.056666666666666664
8 0.056666666666666664
8 0.056666666666666664
8 0.056666666666666664
8 0.056666666666666664
7 0.056666666666666664
7 0.056666666666666664
7 0.056666666666666664
7 0.056666666666666664
7 0.056666666666666664
7 0.056666666666666664
7 0.056666666666666664
7 0.056666666666666664
7 0.056666666666666664
7 0.056666666666666664
7 0.056666666666666664
7 0.056666666666666664
7 0.056666666666666664
7 0.056666666666666664
8 0.056666666666666664
8 0.056666666666666664
8 0.056666666666666664
8 0.056666666666666664
8 0.056666666666666664
8 0.056666666666666664
8 0.056666666666666664
8 0.056666666666666664
8 0.056666666666666664
8 0.056666666666666664
8 0.056666666666666664
8 0.056666666666666664
8 0.056666666666666664
8 0.056666666666666664
7 0.056666666666666664
7 0.056666666666666664
7 0.056666666666666664
7 0.056666666666666664
7 0.056666666666666664
7 0.056666666666666664
7 0.056666666666666664
5 0.05466666666666667
5 0.05466666666666667
5 0.05466666666666667
5 0.05466666666666667
5 0.05466666666666667
5 0.05466666666666667
5 0.05466666666666667
5 0.05466666666666667
5 0.05466666666666667
5 0.05466666666666667
5 0.05466666666666667
5 0.05466666666666667
5 0.05466666666666667
5 0.05466666666666667
5 0.05466666666666667
5 0.05466666666666667
5 0.05466666666666667
5 0.05466666666666667
5 0.05466666666666667
5 0.05466666666666667
5 0.05466666666666667
5 0.05466666666666667
5 0.05466666666666667
5 0.05466666666666667
5 0.05466666666666667
5 0.05466666666666667
5 0.05466666666666667
5 0.05466666666666667
5 0.05466666666666667
5 0.05466666666666667
5 0.05466666666666667
5 0.05466666666666667
5 0.05466666666666667
5 0.05466666666666667
5 0.05466666666666667
5 0.05466666666666667
15 0.05466666666666667
10 0.05466666666666667
12 0.05466666666666667
12 0.05466666666666667
12 0.05466666666666667
12 0.05466666666666667
12 0.05466666666666667
14 0.05466666666666667
9 0.05466666666666667
11 0.05466666666666667
11 0.05466666666666667
11 0.05466666666666667
11 0.05466666666666667
11 0.05466666666666667
14 0.05466666666666667
9 0.05466666666666667
11 0.05466666666666667
11 0.05466666666666667
11 0.05466666666666667
11 0.05466666666666667
11 0.05466666666666667
15 0.05466666666666667
10 0.05466666666666667
12 0.05466666666666667
12 0.05466666666666667
12 0.05466666666666667
12 0.05466666666666667
12 0.05466666666666667
8 0.05466666666666667
10 0.05466666666666667
10 0.05466666666666667
6 0.05466666666666667
6 0.05466666666666667
5 0.05466666666666667
6 0.05466666666666667
6 0.05466666666666667
6 0.05466666666666667
6 0.05466666666666667
6 0.05466666666666667
6 0.05466666666666667
6 0.05466666666666667
15 0.05466666666666667
10 0.05466666666666667
12 0.05466666666666667
12 0.05466666666666667
12 0.05466666666666667
12 0.05466666666666667
12 0.05466666666666667
14 0.05466666666666667
9 0.05466666666666667
11 0.05466666666666667
11 0.05466666666666667
11 0.05466666666666667
11 0.05466666666666667
11 0.05466666666666667
16 0.05266666666666667
17 0.05266666666666667
17 0.05266666666666667
17 0.05266666666666667
15 0.05266666666666667
16 0.05266666666666667
16 0.05266666666666667
16 0.05266666666666667
15 0.05266666666666667
16 0.05266666666666667
16 0.05266666666666667
16 0.05266666666666667
16 0.05266666666666667
17 0.05266666666666667
17 0.05266666666666667
17 0.05266666666666667
9 0.05266666666666667
9 0.05266666666666667
9 0.05266666666666667
9 0.05266666666666667
9 0.05266666666666667
9 0.05266666666666667
11 0.05266666666666667
11 0.05266666666666667
11 0.05266666666666667
11 0.05266666666666667
11 0.05266666666666667
11 0.05266666666666667
11 0.05266666666666667
11 0.05266666666666667
11 0.05266666666666667
11 0.05266666666666667
11 0.05266666666666667
11 0.05266666666666667
16 0.05266666666666667
17 0.05266666666666667
17 0.05266666666666667
17 0.05266666666666667
15 0.05266666666666667
16 0.05266666666666667
16 0.05266666666666667
16 0.05266666666666667
17 0.050666666666666665
18 0.050666666666666665
14 0.050666666666666665
12 0.050666666666666665
12 0.050666666666666665
16 0.050666666666666665
17 0.050666666666666665
13 0.050666666666666665
11 0.050666666666666665
11 0.050666666666666665
16 0.050666666666666665
17 0.050666666666666665
13 0.050666666666666665
11 0.050666666666666665
11 0.050666666666666665
17 0.050666666666666665
18 0.050666666666666665
14 0.050666666666666665
12 0.050666666666666665
12 0.050666666666666665
17 0.050666666666666665
18 0.050666666666666665
14 0.050666666666666665
12 0.050666666666666665
12 0.050666666666666665
16 0.050666666666666665
17 0.050666666666666665
13 0.050666666666666665
11 0.050666666666666665
11 0.050666666666666665
20 0.048666666666666664
20 0.048666666666666664
18 0.048666666666666664
19 0.048666666666666664
19 0.048666666666666664
17 0.048666666666666664
19 0.048666666666666664
19 0.048666666666666664
17 0.048666666666666664
20 0.048666666666666664
20 0.048666666666666664
18 0.048666666666666664
20 0.048666666666666664
20 0.048666666666666664
18 0.048666666666666664
19 0.048666666666666664
19 0.048666666666666664
17 0.048666666666666664
26 0.04666666666666666
25 0.04666666666666666
25 0.04666666666666666
24 0.04666666666666666
25 0.04666666666666666
24 0.04666666666666666
26 0.04666666666666666
25 0.04666666666666666
26 0.04666666666666666
25 0.04666666666666666
25 0.04666666666666666
24 0.04666666666666666
22 0.04466666666666667
21 0.04466666666666667
21 0.04466666666666667
22 0.04466666666666667
22 0.04466666666666667
21 0.04466666666666667
1 0.03133333333333333
1 0.03133333333333333
1 0.03133333333333333
1 0.03133333333333333
1 0.03133333333333333
1 0.03133333333333333
1 0.03133333333333333
1 0.03133333333333333
1 0.03133333333333333
1 0.03133333333333333
1 0.03133333333333333
2 0.029333333333333333
2 0.029333333333333333
3 0.029333333333333333
2 0.029333333333333333
1 0.029333333333333333
1 0.029333333333333333
2 0.029333333333333333
1 0.029333333333333333
1 0.029333333333333333
1 0.029333333333333333
2 0.029333333333333333
1 0.029333333333333333
2 0.029333333333333333
2 0.029333333333333333
3 0.029333333333333333
2 0.029333333333333333
1 0.029333333333333333
1 0.029333333333333333
1 0.029333333333333333
1 0.029333333333333333
1 0.029333333333333333
1 0.029333333333333333
1 0.029333333333333333
1 0.029333333333333333
1 0.029333333333333333
1 0.029333333333333333
1 0.029333333333333333
1 0.029333333333333333
1 0.029333333333333333
1 0.029333333333333333
2 0.029333333333333333
2 0.029333333333333333
2 0.029333333333333333
2 0.029333333333333333
2 0.029333333333333333
2 0.029333333333333333
2 0.029333333333333333
2 0.029333333333333333
2 0.029333333333333333
3 0.029333333333333333
2 0.029333333333333333
1 0.029333333333333333
1 0.029333333333333333
2 0.029333333333333333
1 0.029333333333333333
4 0.027333333333333334
4 0.027333333333333334
4 0.027333333333333334
4 0.027333333333333334
4 0.027333333333333334
4 0.027333333333333334
3 0.027333333333333334
3 0.027333333333333334
3 0.027333333333333334
3 0.027333333333333334
3 0.027333333333333334
3 0.027333333333333334
3 0.027333333333333334
3 0.027333333333333334
3 0.027333333333333334
3 0.027333333333333334
3 0.027333333333333334
3 0.027333333333333334
4 0.027333333333333334
4 0.027333333333333334
4 0.027333333333333334
4 0.027333333333333334
4 0.027333333333333334
4 0.027333333333333334
8 0.027333333333333334
3 0.027333333333333334
2 0.027333333333333334
2 0.027333333333333334
5 0.027333333333333334
5 0.027333333333333334
5 0.027333333333333334
5 0.027333333333333334
5 0.027333333333333334
8 0.027333333333333334
3 0.027333333333333334
3 0.027333333333333334
3 0.027333333333333334
7 0.027333333333333334
7 0.027333333333333334
7 0.027333333333333334
7 0.027333333333333334
7 0.027333333333333334
12 0.027333333333333334
4 0.027333333333333334
3 0.027333333333333334
3 0.027333333333333334
7 0.027333333333333334
7 0.027333333333333334
7 0.027333333333333334
7 0.027333333333333334
7 0.027333333333333334
2 0.027333333333333334
4 0.027333333333333334
4 0.027333333333333334
4 0.027333333333333334
4 0.027333333333333334
4 0.027333333333333334
4 0.027333333333333334
3 0.027333333333333334
3 0.027333333333333334
3 0.027333333333333334
3 0.027333333333333334
3 0.027333333333333334
3 0.027333333333333334
4 0.025333333333333333
5 0.025333333333333333
3 0.025333333333333333
4 0.025333333333333333
3 0.025333333333333333
4 0.025333333333333333
4 0.025333333333333333
5 0.025333333333333333
3 0.025333333333333333
3 0.025333333333333333
3 0.025333333333333333
4 0.025333333333333333
9 0.025333333333333333
10 0.025333333333333333
10 0.025333333333333333
10 0.025333333333333333
3 0.025333333333333333
3 0.025333333333333333
3 0.025333333333333333
5 0.025333333333333333
9 0.025333333333333333
10 0.025333333333333333
10 0.025333333333333333
10 0.025333333333333333
4 0.025333333333333333
4 0.025333333333333333
4 0.025333333333333333
5 0.025333333333333333
13 0.025333333333333333
14 0.025333333333333333
14 0.025333333333333333
14 0.025333333333333333
3 0.025333333333333333
3 0.025333333333333333
3 0.025333333333333333
3 0.025333333333333333
3 0.025333333333333333
3 0.025333333333333333
4 0.025333333333333333
5 0.025333333333333333
3 0.025333333333333333
4 0.025333333333333333
6 0.02333333333333333
5 0.02333333333333333
5 0.02333333333333333
6 0.02333333333333333
5 0.02333333333333333
5 0.02333333333333333
5 0.02333333333333333
5 0.02333333333333333
4 0.02333333333333333
6 0.02333333333333333
6 0.02333333333333333
4 0.02333333333333333
11 0.02333333333333333
7 0.02333333333333333
5 0.02333333333333333
5 0.02333333333333333
5 0.02333333333333333
5 0.02333333333333333
5 0.02333333333333333
5 0.02333333333333333
5 0.02333333333333333
6 0.02333333333333333
6 0.02333333333333333
4 0.02333333333333333
11 0.02333333333333333
7 0.02333333333333333
5 0.02333333333333333
5 0.02333333333333333
6 0.02333333333333333
6 0.02333333333333333
6 0.02333333333333333
6 0.02333333333333333
5 0.02333333333333333
7 0.02333333333333333
7 0.02333333333333333
5 0.02333333333333333
15 0.02333333333333333
8 0.02333333333333333
6 0.02333333333333333
6 0.02333333333333333
6 0.02333333333333333
5 0.02333333333333333
5 0.021333333333333333
6 0.021333333333333333
6 0.021333333333333333
16 0.019333333333333334
15 0.019333333333333334
15 0.019333333333333334
16 0.019333333333333334
19 0.019333333333333334
14 0.019333333333333334
19 0.019333333333333334
15 0.019333333333333334
23 0.019333333333333334
15 0.019333333333333334
16 0.019333333333333334
15 0.019333333333333334
15 0.017333333333333333
15 0.017333333333333333
19 0.017333333333333333
2 -0.002
2 -0.002
2 -0.002
2 -0.002
1 -0.002
1 -0.002
2 -0.002
1 -0.002
1 -0.002
8 -0.002
1 -0.002
1 -0.002
1 -0.002
5 -0.002
1 -0.002
1 -0.002
1 -0.002
1 -0.002
1 -0.002
1 -0.002
1 -0.002
1 -0.002
1 -0.002
2 -0.002
3 -0.002
3 -0.002
