10 0.09000000000000001
10 0.09000000000000001
10 0.09000000000000001
9 0.09000000000000001
9 0.09000000000000001
9 0.09000000000000001
9 0.09000000000000001
9 0.09000000000000001
9 0.09000000000000001
10 0.09000000000000001
10 0.09000000000000001
10 0.09000000000000001
8 0.09000000000000001
8 0.09000000000000001
8 0.09000000000000001
8 0.09000000000000001
8 0.09000000000000001
8 0.09000000000000001
13 0.08600000000000001
13 0.08600000000000001
12 0.08600000000000001
13 0.08600000000000001
13 0.08600000000000001
13 0.08600000000000001
13 0.08600000000000001
13 0.08600000000000001
13 0.08600000000000001
13 0.08600000000000001
14 0.08600000000000001
13 0.08600000000000001
14 0.08600000000000001
14 0.08600000000000001
14 0.08600000000000001
12 0.08600000000000001
12 0.08600000000000001
11 0.08600000000000001
12 0.08600000000000001
12 0.08600000000000001
12 0.08600000000000001
12 0.08600000000000001
12 0.08600000000000001
12 0.08600000000000001
12 0.08600000000000001
13 0.08600000000000001
12 0.08600000000000001
13 0.08600000000000001
13 0.08600000000000001
13 0.08600000000000001
12 0.08600000000000001
12 0.08600000000000001
11 0.08600000000000001
12 0.08600000000000001
12 0.08600000000000001
12 0.08600000000000001
12 0.08600000000000001
12 0.08600000000000001
12 0.08600000000000001
12 0.08600000000000001
13 0.08600000000000001
12 0.08600000000000001
13 0.08600000000000001
13 0.08600000000000001
13 0.08600000000000001
13 0.08600000000000001
13 0.08600000000000001
12 0.08600000000000001
13 0.08600000000000001
13 0.08600000000000001
13 0.08600000000000001
13 0.08600000000000001
13 0.08600000000000001
13 0.08600000000000001
13 0.08600000000000001
14 0.08600000000000001
13 0.08600000000000001
14 0.08600000000000001
14 0.08600000000000001
14 0.08600000000000001
11 0.08600000000000001
11 0.08600000000000001
10 0.08600000000000001
11 0.08600000000000001
11 0.08600000000000001
11 0.08600000000000001
11 0.08600000000000001
11 0.08600000000000001
11 0.08600000000000001
11 0.08600000000000001
12 0.08600000000000001
11 0.08600000000000001
12 0.08600000000000001
12 0.08600000000000001
12 0.08600000000000001
11 0.08600000000000001
11 0.08600000000000001
10 0.08600000000000001
11 0.08600000000000001
11 0.08600000000000001
11 0.08600000000000001
11 0.08600000000000001
11 0.08600000000000001
11 0.08600000000000001
11 0.08600000000000001
12 0.08600000000000001
11 0.08600000000000001
12 0.08600000000000001
12 0.08600000000000001
12 0.08600000000000001
17 0.082
16 0.082
16 0.082
17 0.082
15 0.082
15 0.082
18 0.08
18 0.08
18 0.08
18 0.08
18 0.08
18 0.08
17 0.08
17 0.08
17 0.08
17 0.08
17 0.08
17 0.08
17 0.08
17 0.08
17 0.08
17 0.08
17 0.08
17 0.08
18 0.08
18 0.08
18 0.08
18 0.08
18 0.08
18 0.08
16 0.08
16 0.08
16 0.08
16 0.08
16 0.08
16 0.08
16 0.08
16 0.08
16 0.08
16 0.08
16 0.08
16 0.08
2 0.06266666666666666
2 0.06266666666666666
2 0.06266666666666666
3 0.06266666666666666
3 0.06266666666666666
3 0.06266666666666666
3 0.06266666666666666
3 0.06266666666666666
3 0.06266666666666666
4 0.06066666666666667
4 0.06066666666666667
3 0.06066666666666667
4 0.06066666666666667
4 0.06066666666666667
4 0.06066666666666667
4 0.06066666666666667
4 0.06066666666666667
4 0.06066666666666667
4 0.06066666666666667
3 0.06066666666666667
4 0.06066666666666667
4 0.06066666666666667
4 0.06066666666666667
4 0.06066666666666667
4 0.06066666666666667
4 0.06066666666666667
4 0.06066666666666667
3 0.06066666666666667
4 0.06066666666666667
4 0.06066666666666667
4 0.06066666666666667
4 0.06066666666666667
4 0.06066666666666667
4 0.06066666666666667
4 0.06066666666666667
3 0.06066666666666667
4 0.06066666666666667
4 0.06066666666666667
4 0.06066666666666667
4 0.06066666666666667
4 0.06066666666666667
4 0.06066666666666667
4 0.06066666666666667
3 0.06066666666666667
4 0.06066666666666667
4 0.06066666666666667
4 0.06066666666666667
4 0.06066666666666667
4 0.06066666666666667
4 0.06066666666666667
4 0.06066666666666667
4 0.06066666666666667
4 0.06066666666666667
4 0.06066666666666667
4 0.06066666666666667
4 0.06066666666666667
4 0.06066666666666667
7 0.058666666666666666
8 0.058666666666666666
6 0.058666666666666666
7 0.058666666666666666
6 0.058666666666666666
7 0.058666666666666666
7 0.058666666666666666
8 0.058666666666666666
5 0.058666666666666666
5 0.058666666666666666
4 0.058666666666666666
5 0.058666666666666666
5 0.058666666666666666
5 0.058666666666666666
5 0.058666666666666666
5 0.058666666666666666
5 0.058666666666666666
5 0.058666666666666666
7 0.058666666666666666
6 0.058666666666666666
7 0.058666666666666666
7 0.058666666666666666
7 0.058666666666666666
6 0.058666666666666666
6 0.058666666666666666
5 0.058666666666666666
6 0.058666666666666666
6 0.058666666666666666
6 0.058666666666666666
6 0.058666666666666666
6 0.058666666666666666
6 0.058666666666666666
6 0.058666666666666666
6 0.058666666666666666
5 0.058666666666666666
6 0.058666666666666666
6 0.058666666666666666
6 0.058666666666666666
6 0.058666666666666666
6 0.058666666666666666
5 0.058666666666666666
6 0.058666666666666666
6 0.058666666666666666
6 0.058666666666666666
6 0.058666666666666666
6 0.058666666666666666
6 0.058666666666666666
6 0.058666666666666666
6 0.058666666666666666
5 0.058666666666666666
6 0.058666666666666666
6 0.058666666666666666
6 0.058666666666666666
5 0.058666666666666666
5 0.058666666666666666
5 0.058666666666666666
5 0.058666666666666666
6 0.058666666666666666
5 0.058666666666666666
6 0.058666666666666666
8 0.056666666666666664
8 0.056666666666666664
7 0.056666666666666664
7 0.056666666666666664
8 0.056666666666666664
8 0.056666666666666664
8 0.056666666666666664
8 0.056666666666666664
8 0.056666666666666664
8 0.056666666666666664
8 0.056666666666666664
8 0.056666666666666664
8 0.056666666666666664
7 0.056666666666666664
7 0.056666666666666664
8 0.056666666666666664
8 0.056666666666666664
8 0.056666666666666664
8 0.056666666666666664
8 0.056666666666666664
8 0.056666666666666664
8 0.056666666666666664
8 0.056666666666666664
8 0.056666666666666664
7 0.056666666666666664
7 0.056666666666666664
8 0.056666666666666664
8 0.056666666666666664
8 0.056666666666666664
8 0.056666666666666664
8 0.056666666666666664
8 0.056666666666666664
8 0.056666666666666664
8 0.056666666666666664
8 0.056666666666666664
7 0.056666666666666664
7 0.056666666666666664
8 0.056666666666666664
8 0.056666666666666664
8 0.056666666666666664
8 0.056666666666666664
8 0.056666666666666664
8 0.056666666666666664
8 0.056666666666666664
8 0.056666666666666664
8 0.056666666666666664
7 0.056666666666666664
7 0.056666666666666664
8 0.056666666666666664
8 0.056666666666666664
8 0.056666666666666664
8 0.056666666666666664
8 0.056666666666666664
8 0.056666666666666664
8 0.056666666666666664
8 0.056666666666666664
8 0.056666666666666664
7 0.056666666666666664
7 0.056666666666666664
8 0.056666666666666664
8 0.056666666666666664
8 0.056666666666666664
8 0.056666666666666664
8 0.056666666666666664
8 0.056666666666666664
8 0.056666666666666664
10 0.056666666666666664
10 0.056666666666666664
10 0.056666666666666664
10 0.056666666666666664
10 0.056666666666666664
10 0.056666666666666664
9 0.056666666666666664
9 0.056666666666666664
9 0.056666666666666664
9 0.056666666666666664
9 0.056666666666666664
9 0.056666666666666664
9 0.056666666666666664
8 0.056666666666666664
9 0.056666666666666664
9 0.056666666666666664
9 0.056666666666666664
9 0.056666666666666664
9 0.056666666666666664
9 0.056666666666666664
8 0.056666666666666664
10 0.056666666666666664
10 0.056666666666666664
10 0.056666666666666664
10 0.056666666666666664
10 0.056666666666666664
10 0.056666666666666664
9 0.056666666666666664
8 0.056666666666666664
8 0.056666666666666664
8 0.056666666666666664
8 0.056666666666666664
8 0.056666666666666664
8 0.056666666666666664
7 0.056666666666666664
8 0.056666666666666664
8 0.056666666666666664
8 0.056666666666666664
8 0.056666666666666664
8 0.056666666666666664
8 0.056666666666666664
7 0.056666666666666664
8 0.05466666666666667
8 0.05466666666666667
8 0.05466666666666667
8 0.05466666666666667
8 0.05466666666666667
8 0.05466666666666667
8 0.05466666666666667
8 0.05466666666666667
8 0.05466666666666667
8 0.05466666666666667
8 0.05466666666666667
8 0.05466666666666667
8 0.05466666666666667
8 0.05466666666666667
8 0.05466666666666667
8 0.05466666666666667
8 0.05466666666666667
8 0.05466666666666667
8 0.05466666666666667
8 0.05466666666666667
8 0.05466666666666667
8 0.05466666666666667
8 0.05466666666666667
8 0.05466666666666667
7 0.05466666666666667
7 0.05466666666666667
7 0.05466666666666667
7 0.05466666666666667
7 0.05466666666666667
7 0.05466666666666667
8 0.05466666666666667
8 0.05466666666666667
8 0.05466666666666667
8 0.05466666666666667
8 0.05466666666666667
8 0.05466666666666667
11 0.05466666666666667
13 0.05466666666666667
12 0.05466666666666667
12 0.05466666666666667
12 0.05466666666666667
12 0.05466666666666667
12 0.05466666666666667
10 0.05466666666666667
12 0.05466666666666667
11 0.05466666666666667
11 0.05466666666666667
11 0.05466666666666667
11 0.05466666666666667
11 0.05466666666666667
10 0.05466666666666667
12 0.05466666666666667
11 0.05466666666666667
11 0.05466666666666667
11 0.05466666666666667
11 0.05466666666666667
11 0.05466666666666667
11 0.05466666666666667
13 0.05466666666666667
12 0.05466666666666667
12 0.05466666666666667
12 0.05466666666666667
12 0.05466666666666667
12 0.05466666666666667
10 0.05466666666666667
9 0.05466666666666667
9 0.05466666666666667
8 0.05466666666666667
8 0.05466666666666667
7 0.05466666666666667
8 0.05466666666666667
8 0.05466666666666667
8 0.05466666666666667
8 0.05466666666666667
8 0.05466666666666667
8 0.05466666666666667
8 0.05466666666666667
9 0.05466666666666667
11 0.05466666666666667
10 0.05466666666666667
10 0.05466666666666667
10 0.05466666666666667
10 0.05466666666666667
10 0.05466666666666667
9 0.05466666666666667
11 0.05466666666666667
10 0.05466666666666667
10 0.05466666666666667
10 0.05466666666666667
10 0.05466666666666667
10 0.05466666666666667
12 0.05266666666666667
13 0.05266666666666667
13 0.05266666666666667
13 0.05266666666666667
11 0.05266666666666667
12 0.05266666666666667
12 0.05266666666666667
12 0.05266666666666667
11 0.05266666666666667
12 0.05266666666666667
12 0.05266666666666667
12 0.05266666666666667
12 0.05266666666666667
13 0.05266666666666667
13 0.05266666666666667
13 0.05266666666666667
11 0.05266666666666667
11 0.05266666666666667
11 0.05266666666666667
11 0.05266666666666667
11 0.05266666666666667
11 0.05266666666666667
10 0.05266666666666667
10 0.05266666666666667
10 0.05266666666666667
10 0.05266666666666667
10 0.05266666666666667
10 0.05266666666666667
10 0.05266666666666667
10 0.05266666666666667
10 0.05266666666666667
10 0.05266666666666667
10 0.05266666666666667
10 0.05266666666666667
10 0.05266666666666667
11 0.05266666666666667
11 0.05266666666666667
11 0.05266666666666667
10 0.05266666666666667
11 0.05266666666666667
11 0.05266666666666667
11 0.05266666666666667
14 0.050666666666666665
13 0.050666666666666665
15 0.050666666666666665
16 0.050666666666666665
16 0.050666666666666665
13 0.050666666666666665
12 0.050666666666666665
14 0.050666666666666665
15 0.050666666666666665
15 0.050666666666666665
13 0.050666666666666665
12 0.050666666666666665
14 0.050666666666666665
15 0.050666666666666665
15 0.050666666666666665
14 0.050666666666666665
13 0.050666666666666665
15 0.050666666666666665
16 0.050666666666666665
16 0.050666666666666665
12 0.050666666666666665
11 0.050666666666666665
13 0.050666666666666665
14 0.050666666666666665
14 0.050666666666666665
12 0.050666666666666665
11 0.050666666666666665
13 0.050666666666666665
14 0.050666666666666665
14 0.050666666666666665
15 0.048666666666666664
14 0.048666666666666664
16 0.048666666666666664
14 0.048666666666666664
13 0.048666666666666664
15 0.048666666666666664
14 0.048666666666666664
13 0.048666666666666664
15 0.048666666666666664
15 0.048666666666666664
14 0.048666666666666664
16 0.048666666666666664
13 0.048666666666666664
12 0.048666666666666664
14 0.048666666666666664
13 0.048666666666666664
12 0.048666666666666664
14 0.048666666666666664
15 0.04666666666666666
16 0.04666666666666666
14 0.04666666666666666
15 0.04666666666666666
14 0.04666666666666666
15 0.04666666666666666
15 0.04666666666666666
16 0.04666666666666666
13 0.04666666666666666
14 0.04666666666666666
13 0.04666666666666666
14 0.04666666666666666
16 0.04466666666666667
15 0.04466666666666667
15 0.04466666666666667
16 0.04466666666666667
14 0.04466666666666667
14 0.04466666666666667
1 0.03133333333333333
1 0.03133333333333333
1 0.03133333333333333
1 0.03133333333333333
1 0.03133333333333333
1 0.03133333333333333
1 0.03133333333333333
1 0.03133333333333333
1 0.03133333333333333
1 0.03133333333333333
1 0.03133333333333333
4 0.029333333333333333
3 0.029333333333333333
5 0.029333333333333333
4 0.029333333333333333
3 0.029333333333333333
2 0.029333333333333333
4 0.029333333333333333
3 0.029333333333333333
3 0.029333333333333333
2 0.029333333333333333
4 0.029333333333333333
3 0.029333333333333333
4 0.029333333333333333
3 0.029333333333333333
5 0.029333333333333333
4 0.029333333333333333
3 0.029333333333333333
3 0.029333333333333333
3 0.029333333333333333
3 0.029333333333333333
3 0.029333333333333333
3 0.029333333333333333
2 0.029333333333333333
3 0.029333333333333333
3 0.029333333333333333
3 0.029333333333333333
3 0.029333333333333333
3 0.029333333333333333
3 0.029333333333333333
2 0.029333333333333333
2 0.029333333333333333
2 0.029333333333333333
2 0.029333333333333333
2 0.029333333333333333
2 0.029333333333333333
2 0.029333333333333333
1 0.029333333333333333
2 0.029333333333333333
1 0.029333333333333333
3 0.029333333333333333
2 0.029333333333333333
2 0.029333333333333333
1 0.029333333333333333
3 0.029333333333333333
3 0.029333333333333333
7 0.027333333333333334
7 0.027333333333333334
7 0.027333333333333334
7 0.027333333333333334
7 0.027333333333333334
7 0.027333333333333334
6 0.027333333333333334
6 0.027333333333333334
6 0.027333333333333334
6 0.027333333333333334
6 0.027333333333333334
6 0.027333333333333334
6 0.027333333333333334
6 0.027333333333333334
6 0.027333333333333334
6 0.027333333333333334
6 0.027333333333333334
6 0.027333333333333334
7 0.027333333333333334
7 0.027333333333333334
7 0.027333333333333334
7 0.027333333333333334
7 0.027333333333333334
7 0.027333333333333334
4 0.027333333333333334
6 0.027333333333333334
4 0.027333333333333334
4 0.027333333333333334
5 0.027333333333333334
5 0.027333333333333334
5 0.027333333333333334
5 0.027333333333333334
5 0.027333333333333334
4 0.027333333333333334
6 0.027333333333333334
3 0.027333333333333334
3 0.027333333333333334
4 0.027333333333333334
4 0.027333333333333334
4 0.027333333333333334
4 0.027333333333333334
4 0.027333333333333334
3 0.027333333333333334
5 0.027333333333333334
3 0.027333333333333334
3 0.027333333333333334
4 0.027333333333333334
4 0.027333333333333334
4 0.027333333333333334
4 0.027333333333333334
4 0.027333333333333334
4 0.027333333333333334
5 0.027333333333333334
5 0.027333333333333334
5 0.027333333333333334
5 0.027333333333333334
5 0.027333333333333334
5 0.027333333333333334
5 0.027333333333333334
5 0.027333333333333334
5 0.027333333333333334
5 0.027333333333333334
5 0.027333333333333334
5 0.027333333333333334
6 0.025333333333333333
7 0.025333333333333333
5 0.025333333333333333
6 0.025333333333333333
5 0.025333333333333333
6 0.025333333333333333
6 0.025333333333333333
7 0.025333333333333333
7 0.025333333333333333
7 0.025333333333333333
7 0.025333333333333333
7 0.025333333333333333
5 0.025333333333333333
6 0.025333333333333333
6 0.025333333333333333
6 0.025333333333333333
7 0.025333333333333333
7 0.025333333333333333
7 0.025333333333333333
6 0.025333333333333333
5 0.025333333333333333
6 0.025333333333333333
6 0.025333333333333333
6 0.025333333333333333
6 0.025333333333333333
6 0.025333333333333333
6 0.025333333333333333
6 0.025333333333333333
4 0.025333333333333333
5 0.025333333333333333
5 0.025333333333333333
5 0.025333333333333333
5 0.025333333333333333
5 0.025333333333333333
5 0.025333333333333333
5 0.025333333333333333
5 0.025333333333333333
5 0.025333333333333333
4 0.025333333333333333
5 0.025333333333333333
5 0.025333333333333333
6 0.025333333333333333
10 0.02333333333333333
9 0.02333333333333333
9 0.02333333333333333
10 0.02333333333333333
9 0.02333333333333333
9 0.02333333333333333
9 0.02333333333333333
9 0.02333333333333333
7 0.02333333333333333
7 0.02333333333333333
8 0.02333333333333333
8 0.02333333333333333
6 0.02333333333333333
8 0.02333333333333333
9 0.02333333333333333
9 0.02333333333333333
9 0.02333333333333333
9 0.02333333333333333
9 0.02333333333333333
9 0.02333333333333333
6 0.02333333333333333
7 0.02333333333333333
8 0.02333333333333333
8 0.02333333333333333
6 0.02333333333333333
8 0.02333333333333333
9 0.02333333333333333
9 0.02333333333333333
8 0.02333333333333333
8 0.02333333333333333
8 0.02333333333333333
8 0.02333333333333333
6 0.02333333333333333
6 0.02333333333333333
7 0.02333333333333333
7 0.02333333333333333
5 0.02333333333333333
7 0.02333333333333333
8 0.02333333333333333
8 0.02333333333333333
8 0.02333333333333333
8 0.02333333333333333
9 0.021333333333333333
8 0.021333333333333333
8 0.021333333333333333
12 0.019333333333333334
11 0.019333333333333334
11 0.019333333333333334
12 0.019333333333333334
8 0.019333333333333334
9 0.019333333333333334
8 0.019333333333333334
8 0.019333333333333334
7 0.019333333333333334
8 0.019333333333333334
10 0.019333333333333334
10 0.019333333333333334
9 0.017333333333333333
9 0.017333333333333333
8 0.017333333333333333
1 -0.002
1 -0.002
1 -0.002
1 -0.002
1 -0.002
1 -0.002
1 -0.002
1 -0.002
1 -0.002
1 -0.002
1 -0.002
1 -0.002
1 -0.002
1 -0.002
1 -0.002
1 -0.002
1 -0.002
1 -0.002
1 -0.002
1 -0.002
1 -0.002
1 -0.002
1 -0.002
1 -0.002
1 -0.002
1 -0.002
