1 1.000004008016032 1
1 1.000004008016032 1
1 1.000004008016032 2
1 1.000004008016032 2
1 1.000004008016032 2
1 1.000004008016032 2
1 1.000004008016032 1
2 0.998004008016032 3
2 0.998004008016032 3
2 0.998004008016032 3
4 0.6626706746826987 4
4 0.6626706746826987 4
3 0.6626706746826987 3
4 0.6626706746826987 4
4 0.6626706746826987 4
4 0.6626706746826987 4
4 0.6626706746826987 4
4 0.6626706746826987 4
4 0.6626706746826987 4
4 0.6626706746826987 4
3 0.6626706746826987 3
4 0.6626706746826987 4
4 0.6626706746826987 4
4 0.6626706746826987 4
4 0.6626706746826987 4
4 0.6626706746826987 4
4 0.6626706746826987 4
4 0.6626706746826987 4
3 0.6626706746826987 3
4 0.6626706746826987 4
4 0.6626706746826987 4
4 0.6626706746826987 4
4 0.6626706746826987 4
4 0.6626706746826987 4
4 0.6626706746826987 4
4 0.6626706746826987 4
3 0.6626706746826987 3
4 0.6626706746826987 4
4 0.6626706746826987 4
4 0.6626706746826987 4
4 0.6626706746826987 4
4 0.6626706746826987 4
4 0.6626706746826987 4
4 0.6626706746826987 4
3 0.6626706746826987 3
4 0.6626706746826987 4
4 0.6626706746826987 4
4 0.6626706746826987 4
4 0.6626706746826987 4
4 0.6626706746826987 4
4 0.6626706746826987 4
4 0.6626706746826987 4
4 0.6626706746826987 4
4 0.6626706746826987 4
4 0.6626706746826987 4
4 0.6626706746826987 4
4 0.6626706746826987 4
4 0.6626706746826987 4
5 0.6626706746826987 4
5 0.6626706746826987 4
5 0.6626706746826987 4
5 0.6626706746826987 4
5 0.6626706746826987 4
5 0.6626706746826987 4
4 0.6626706746826987 2
5 0.6626706746826987 2
6 0.6626706746826987 4
6 0.6626706746826987 4
6 0.6626706746826987 4
3 0.49800400801603195 2
3 0.49800400801603195 2
3 0.49800400801603195 2
3 0.49800400801603195 2
3 0.49800400801603195 2
3 0.49800400801603195 2
3 0.49800400801603195 2
3 0.49800400801603195 2
3 0.49800400801603195 2
3 0.49800400801603195 2
3 0.49800400801603195 2
2 0.49800400801603195 1
3 0.49800400801603195 2
2 0.49800400801603195 1
2 0.49800400801603195 1
3 0.49800400801603195 2
3 0.49800400801603195 2
3 0.49800400801603195 2
3 0.49800400801603195 2
3 0.49800400801603195 2
3 0.49800400801603195 2
3 0.49800400801603195 2
3 0.49800400801603195 2
3 0.49800400801603195 2
3 0.49800400801603195 2
3 0.49800400801603195 2
3 0.49800400801603195 2
3 0.49800400801603195 2
3 0.49800400801603195 2
3 0.49800400801603195 2
3 0.49800400801603195 2
3 0.49800400801603195 2
3 0.49800400801603195 2
3 0.49800400801603195 2
3 0.49800400801603195 2
3 0.49800400801603195 2
3 0.49800400801603195 2
3 0.49800400801603195 2
3 0.49800400801603195 2
3 0.49800400801603195 2
3 0.49800400801603195 2
3 0.49800400801603195 2
3 0.49800400801603195 2
3 0.49800400801603195 2
3 0.49800400801603195 2
3 0.49800400801603195 2
3 0.49800400801603195 2
3 0.49800400801603195 2
3 0.49800400801603195 2
3 0.49800400801603195 2
3 0.49800400801603195 2
3 0.49800400801603195 2
3 0.49800400801603195 2
3 0.49800400801603195 2
3 0.49800400801603195 2
3 0.49800400801603195 2
3 0.49800400801603195 2
3 0.49800400801603195 2
3 0.49800400801603195 2
3 0.49800400801603195 2
3 0.49800400801603195 2
3 0.49800400801603195 2
3 0.49800400801603195 2
3 0.49800400801603195 2
3 0.49800400801603195 2
3 0.49800400801603195 2
4 0.49800400801603195 1
3 0.498004008016032 1
5 0.49800400801603195 1
4 0.49800400801603195 1
4 0.49800400801603195 1
3 0.498004008016032 1
5 0.49800400801603195 1
4 0.49800400801603195 1
3 0.49800400801603195 1
3 0.49800400801603195 1
3 0.49800400801603195 1
3 0.49800400801603195 1
3 0.49800400801603195 1
3 0.49800400801603195 1
3 0.49800400801603195 1
3 0.49800400801603195 1
3 0.49800400801603195 1
3 0.49800400801603195 1
2 0.498004008016032 1
3 0.49800400801603195 1
3 0.49800400801603195 1
3 0.49800400801603195 1
3 0.49800400801603206 3
