8 0.09000000000000001
8 0.09000000000000001
8 0.09000000000000001
7 0.09000000000000001
7 0.09000000000000001
7 0.09000000000000001
7 0.09000000000000001
7 0.09000000000000001
7 0.09000000000000001
8 0.09000000000000001
8 0.09000000000000001
8 0.09000000000000001
8 0.09000000000000001
8 0.09000000000000001
8 0.09000000000000001
7 0.09000000000000001
7 0.09000000000000001
7 0.09000000000000001
11 0.08600000000000001
11 0.08600000000000001
10 0.08600000000000001
11 0.08600000000000001
11 0.08600000000000001
11 0.08600000000000001
11 0.08600000000000001
11 0.08600000000000001
11 0.08600000000000001
11 0.08600000000000001
13 0.08600000000000001
13 0.08600000000000001
13 0.08600000000000001
13 0.08600000000000001
13 0.08600000000000001
10 0.08600000000000001
10 0.08600000000000001
9 0.08600000000000001
10 0.08600000000000001
10 0.08600000000000001
10 0.08600000000000001
10 0.08600000000000001
10 0.08600000000000001
10 0.08600000000000001
10 0.08600000000000001
12 0.08600000000000001
12 0.08600000000000001
12 0.08600000000000001
12 0.08600000000000001
12 0.08600000000000001
10 0.08600000000000001
10 0.08600000000000001
9 0.08600000000000001
10 0.08600000000000001
10 0.08600000000000001
10 0.08600000000000001
10 0.08600000000000001
10 0.08600000000000001
10 0.08600000000000001
10 0.08600000000000001
12 0.08600000000000001
12 0.08600000000000001
12 0.08600000000000001
12 0.08600000000000001
12 0.08600000000000001
11 0.08600000000000001
11 0.08600000000000001
10 0.08600000000000001
11 0.08600000000000001
11 0.08600000000000001
11 0.08600000000000001
11 0.08600000000000001
11 0.08600000000000001
11 0.08600000000000001
11 0.08600000000000001
13 0.08600000000000001
13 0.08600000000000001
13 0.08600000000000001
13 0.08600000000000001
13 0.08600000000000001
11 0.08600000000000001
11 0.08600000000000001
10 0.08600000000000001
11 0.08600000000000001
