1 1.000004008016032 1
1 1.000004008016032 1
1 1.000004008016032 2
1 1.000004008016032 2
1 1.000004008016032 2
1 1.000004008016032 2
1 1.000004008016032 1
2 0.998004008016032 3
2 0.998004008016032 3
2 0.998004008016032 3
4 0.6626706746826987 4
4 0.6626706746826987 4
3 0.6626706746826987 3
4 0.6626706746826987 4
4 0.6626706746826987 4
4 0.6626706746826987 4
4 0.6626706746826987 4
4 0.6626706746826987 4
4 0.6626706746826987 4
4 0.6626706746826987 4
3 0.6626706746826987 3
4 0.6626706746826987 4
4 0.6626706746826987 4
4 0.6626706746826987 4
4 0.6626706746826987 4
4 0.6626706746826987 4
4 0.6626706746826987 4
4 0.6626706746826987 4
3 0.6626706746826987 3
4 0.6626706746826987 4
4 0.6626706746826987 4
4 0.6626706746826987 4
4 0.6626706746826987 4
4 0.6626706746826987 4
4 0.6626706746826987 4
4 0.6626706746826987 4
3 0.6626706746826987 3
4 0.6626706746826987 4
4 0.6626706746826987 4
4 0.6626706746826987 4
4 0.6626706746826987 4
4 0.6626706746826987 4
4 0.6626706746826987 4
4 0.6626706746826987 4
3 0.6626706746826987 3
4 0.6626706746826987 4
4 0.6626706746826987 4
4 0.6626706746826987 4
4 0.6626706746826987 4
4 0.6626706746826987 4
4 0.6626706746826987 4
4 0.6626706746826987 4
4 0.6626706746826987 4
4 0.6626706746826987 4
4 0.6626706746826987 4
4 0.6626706746826987 4
4 0.6626706746826987 4
4 0.6626706746826987 4
5 0.6626706746826987 4
5 0.6626706746826987 4
5 0.6626706746826987 4
5 0.6626706746826987 4
5 0.6626706746826987 4
5 0.6626706746826987 4
4 0.6626706746826987 2
5 0.6626706746826987 2
6 0.6626706746826987 4
6 0.6626706746826987 4
6 0.6626706746826987 4
3 0.49800400801603195 2
3 0.49800400801603195 2
3 0.49800400801603195 2
3 0.49800400801603195 2
3 0.49800400801603195 2
3 0.49800400801603195 2
3 0.49800400801603195 2
3 0.49800400801603195 2
3 0.49800400801603195 2
3 0.49800400801603195 2
3 0.49800400801603195 2
2 0.49800400801603195 1
3 0.49800400801603195 2
2 0.49800400801603195 1
2 0.49800400801603195 1
3 0.49800400801603195 2
3 0.49800400801603195 2
3 0.49800400801603195 2
3 0.49800400801603195 2
3 0.49800400801603195 2
3 0.49800400801603195 2
3 0.49800400801603195 2
3 0.49800400801603195 2
3 0.49800400801603195 2
3 0.49800400801603195 2
3 0.49800400801603195 2
3 0.49800400801603195 2
3 0.49800400801603195 2
3 0.49800400801603195 2
3 0.49800400801603195 2
3 0.49800400801603195 2
3 0.49800400801603195 2
3 0.49800400801603195 2
3 0.49800400801603195 2
3 0.49800400801603195 2
3 0.49800400801603195 2
3 0.49800400801603195 2
3 0.49800400801603195 2
3 0.49800400801603195 2
3 0.49800400801603195 2
3 0.49800400801603195 2
3 0.49800400801603195 2
3 0.49800400801603195 2
3 0.49800400801603195 2
3 0.49800400801603195 2
3 0.49800400801603195 2
3 0.49800400801603195 2
3 0.49800400801603195 2
3 0.49800400801603195 2
3 0.49800400801603195 2
3 0.49800400801603195 2
3 0.49800400801603195 2
3 0.49800400801603195 2
3 0.49800400801603195 2
3 0.49800400801603195 2
3 0.49800400801603195 2
3 0.49800400801603195 2
3 0.49800400801603195 2
3 0.49800400801603195 2
3 0.49800400801603195 2
3 0.49800400801603195 2
3 0.49800400801603195 2
3 0.49800400801603195 2
3 0.49800400801603195 2
3 0.49800400801603195 2
3 0.49800400801603195 2
4 0.49800400801603195 1
3 0.498004008016032 1
5 0.49800400801603195 1
4 0.49800400801603195 1
4 0.49800400801603195 1
3 0.498004008016032 1
5 0.49800400801603195 1
4 0.49800400801603195 1
3 0.49800400801603195 1
3 0.49800400801603195 1
3 0.49800400801603195 1
3 0.49800400801603195 1
3 0.49800400801603195 1
3 0.49800400801603195 1
3 0.49800400801603195 1
3 0.49800400801603195 1
3 0.49800400801603195 1
3 0.49800400801603195 1
2 0.498004008016032 1
3 0.49800400801603195 1
3 0.49800400801603195 1
3 0.49800400801603195 1
3 0.49800400801603206 3
3 0.49800400801603206 3
3 0.49800400801603206 3
3 0.49800400801603206 3
3 0.49800400801603206 3
3 0.49800400801603206 3
2 0.49800400801603206 2
2 0.49800400801603206 2
2 0.49800400801603206 2
2 0.49800400801603206 2
2 0.49800400801603206 2
2 0.49800400801603206 2
1 0.49800400801603206 1
2 0.49800400801603206 2
2 0.49800400801603206 2
2 0.49800400801603206 2
5 0.49800400801603206 2
5 0.49800400801603206 2
4 0.49800400801603206 1
4 0.49800400801603206 2
4 0.49800400801603206 2
3 0.49800400801603206 1
3 0.49800400801603206 2
3 0.49800400801603206 2
3 0.49800400801603206 2
4 0.49800400801603206 2
4 0.49800400801603206 2
4 0.49800400801603206 2
4 0.49800400801603206 2
4 0.49800400801603206 2
4 0.49800400801603206 2
2 0.49800400801603206 2
1 0.49800400801603206 1
2 0.49800400801603206 2
2 0.49800400801603206 2
2 0.49800400801603206 2
3 0.49800400801603206 2
2 0.49800400801603206 1
3 0.49800400801603206 2
3 0.49800400801603206 2
3 0.49800400801603206 2
2 0.49800400801603195 1
1 0.498004008016032 1
3 0.49800400801603195 1
3 0.49800400801603195 1
7 0.49400400801603206 4
8 0.49400400801603206 4
7 0.49400400801603206 4
8 0.49400400801603206 4
7 0.49400400801603206 4
8 0.49400400801603206 4
7 0.49400400801603206 4
8 0.49400400801603206 4
7 0.49400400801603206 4
8 0.49400400801603206 4
7 0.49400400801603206 4
8 0.49400400801603206 4
7 0.49400400801603206 3
8 0.49400400801603206 3
7 0.49400400801603206 3
8 0.49400400801603206 3
7 0.49400400801603206 2
7 0.49400400801603206 2
4 0.49400400801603206 2
4 0.49400400801603206 2
7 0.49400400801603206 2
7 0.49400400801603206 2
7 0.49400400801603206 2
7 0.49400400801603206 2
7 0.49400400801603206 2
7 0.49400400801603206 2
7 0.49400400801603206 2
7 0.49400400801603195 3
6 0.494004008016032 2
7 0.49400400801603195 3
7 0.49400400801603195 3
7 0.49400400801603195 3
7 0.49400400801603195 4
7 0.49400400801603195 4
7 0.49400400801603195 4
8 0.49400400801603206 3
9 0.49400400801603206 3
8 0.3920040080160321 4
8 0.3920040080160321 4
8 0.3920040080160321 4
8 0.3920040080160321 4
8 0.3920040080160321 4
8 0.3920040080160321 4
8 0.3920040080160321 4
8 0.3920040080160321 4
8 0.3920040080160321 4
8 0.3920040080160321 4
8 0.3920040080160321 4
8 0.3920040080160321 4
8 0.3920040080160321 4
8 0.3920040080160321 4
8 0.3920040080160321 4
8 0.3920040080160321 4
8 0.3920040080160321 4
8 0.3920040080160321 4
8 0.3920040080160321 4
8 0.3920040080160321 4
8 0.3920040080160321 4
8 0.3920040080160321 4
8 0.3920040080160321 4
8 0.3920040080160321 4
8 0.3920040080160321 4
8 0.3920040080160321 4
8 0.3920040080160321 4
8 0.3920040080160321 4
8 0.3920040080160321 4
8 0.3920040080160321 4
8 0.3920040080160321 4
8 0.3920040080160321 4
8 0.3920040080160321 4
8 0.3920040080160321 4
8 0.3920040080160321 4
8 0.3920040080160321 4
8 0.3920040080160321 4
8 0.3920040080160321 4
8 0.3920040080160321 4
8 0.3920040080160321 4
8 0.3920040080160321 4
8 0.3920040080160321 4
8 0.3920040080160321 3
8 0.3920040080160321 3
8 0.3920040080160321 3
8 0.3920040080160321 3
8 0.3920040080160321 3
8 0.3920040080160321 3
8 0.3920040080160321 3
10 0.3920040080160321 3
10 0.3920040080160321 3
7 0.3920040080160321 3
7 0.3920040080160321 3
10 0.3920040080160321 3
10 0.3920040080160321 3
10 0.3920040080160321 3
10 0.3920040080160321 3
10 0.3920040080160321 3
10 0.3920040080160321 3
10 0.3920040080160321 3
12 0.392004008016032 3
11 0.392004008016032 2
12 0.392004008016032 3
12 0.392004008016032 3
12 0.392004008016032 3
8 0.3920040080160321 3
8 0.3920040080160321 3
8 0.3920040080160321 3
8 0.3920040080160321 3
8 0.3920040080160321 3
8 0.3920040080160321 3
8 0.3920040080160321 3
10 0.3920040080160321 3
10 0.3920040080160321 3
7 0.3920040080160321 3
7 0.3920040080160321 3
10 0.3920040080160321 3
