7 0.11843478260869565 5
7 0.11843478260869565 5
6 0.11843478260869565 4
10 0.11643478260869565 5
11 0.11643478260869565 5
11 0.11443478260869565 5
11 0.11443478260869565 5
11 0.11443478260869565 5
11 0.11443478260869565 5
11 0.11443478260869565 5
11 0.11443478260869565 5
11 0.11443478260869565 5
13 0.11443478260869565 5
13 0.11443478260869565 5
10 0.11443478260869565 5
10 0.11443478260869565 5
13 0.11443478260869565 5
13 0.11443478260869565 5
13 0.11443478260869565 5
13 0.11443478260869565 5
13 0.11443478260869565 5
13 0.11443478260869565 5
13 0.11443478260869565 5
12 0.11243478260869565 5
12 0.11243478260869565 5
12 0.11243478260869565 5
12 0.11243478260869565 5
14 0.11243478260869565 5
14 0.11243478260869565 4
14 0.11243478260869565 4
14 0.11243478260869565 4
14 0.11243478260869565 4
14 0.11243478260869565 4
17 0.11043478260869564 6
17 0.11043478260869564 6
17 0.11043478260869564 6
17 0.11043478260869564 6
17 0.11043478260869564 6
17 0.11043478260869564 6
17 0.11043478260869564 6
17 0.11043478260869564 6
17 0.11043478260869564 6
17 0.11043478260869564 6
17 0.11043478260869564 6
17 0.11043478260869564 6
17 0.11043478260869564 6
17 0.11043478260869564 6
17 0.11043478260869564 6
17 0.11043478260869564 6
17 0.11043478260869564 6
17 0.11043478260869564 6
17 0.11043478260869564 6
17 0.11043478260869564 6
17 0.11043478260869564 6
17 0.11043478260869564 6
17 0.11043478260869564 6
17 0.11043478260869564 6
17 0.11043478260869564 6
15 0.11043478260869564 5
15 0.11043478260869564 5
15 0.11043478260869564 5
16 0.11043478260869564 5
17 0.11043478260869564 5
17 0.11043478260869564 5
17 0.11043478260869564 5
17 0.11043478260869564 5
17 0.11043478260869564 5
17 0.11043478260869564 5
17 0.11043478260869564 5
17 0.11043478260869564 5
17 0.11043478260869564 5
17 0.11043478260869564 5
18 0.11043478260869564 5
18 0.11043478260869564 5
18 0.11043478260869564 5
18 0.11043478260869564 5
18 0.11043478260869564 5
18 0.10843478260869566 5
18 0.10843478260869566 5
18 0.10843478260869566 5
18 0.10843478260869566 5
18 0.10843478260869566 5
17 0.10843478260869566 5
17 0.10843478260869566 5
17 0.10843478260869566 5
16 0.10843478260869566 5
17 0.10843478260869566 5
17 0.10843478260869566 5
17 0.10643478260869565 5
18 0.10643478260869565 5
20 0.10643478260869565 5
19 0.10643478260869565 5
20 0.10643478260869565 5
19 0.10643478260869565 5
20 0.10643478260869565 5
20 0.10643478260869565 5
20 0.10643478260869565 5
20 0.10643478260869565 5
20 0.10643478260869565 5
20 0.10643478260869565 5
20 0.10643478260869565 5
19 0.10443478260869565 5
18 0.10443478260869565 5
19 0.10443478260869565 5
19 0.10443478260869565 5
20 0.10443478260869565 5
20 0.10443478260869565 5
20 0.10443478260869565 5
23 0.10243478260869565 5
22 0.10243478260869565 5
21 0.10243478260869565 5
22 0.10043478260869565 5
21 0.10043478260869565 5
23 0.09843478260869565 5
2 0.08295652173913043 3
2 0.08295652173913043 3
2 0.08295652173913043 3
4 0.08095652173913043 4
4 0.08095652173913043 4
3 0.08095652173913043 3
4 0.08095652173913043 4
4 0.08095652173913043 4
3 0.08095652173913043 3
4 0.08095652173913043 4
4 0.08095652173913043 4
3 0.08095652173913043 3
4 0.08095652173913043 4
4 0.08095652173913043 4
3 0.08095652173913043 3
4 0.08095652173913043 4
4 0.08095652173913043 4
3 0.08095652173913043 3
4 0.08095652173913043 4
4 0.08095652173913043 4
4 0.08095652173913043 4
4 0.08095652173913043 4
4 0.08095652173913043 4
5 0.08095652173913043 4
5 0.08095652173913043 4
5 0.08095652173913043 4
5 0.08095652173913043 4
5 0.08095652173913043 4
5 0.08095652173913043 4
4 0.08095652173913043 2
5 0.08095652173913043 2
6 0.08095652173913043 4
6 0.08095652173913043 4
6 0.08095652173913043 4
7 0.07895652173913043 4
8 0.07895652173913043 4
7 0.07895652173913043 4
8 0.07895652173913043 4
7 0.07895652173913043 4
8 0.07895652173913043 4
7 0.07895652173913043 4
8 0.07895652173913043 4
7 0.07895652173913043 4
8 0.07895652173913043 4
7 0.07895652173913043 3
8 0.07895652173913043 3
7 0.07895652173913043 3
8 0.07895652173913043 3
5 0.07895652173913043 2
5 0.07895652173913043 2
5 0.07895652173913043 2
5 0.07895652173913043 2
5 0.07895652173913043 2
5 0.07895652173913043 2
5 0.07895652173913043 2
7 0.07895652173913043 2
7 0.07895652173913043 2
4 0.07895652173913043 2
4 0.07895652173913043 2
7 0.07895652173913043 2
7 0.07895652173913043 2
7 0.07895652173913043 2
7 0.07895652173913043 2
7 0.07895652173913043 2
7 0.07895652173913043 2
7 0.07895652173913043 2
5 0.07895652173913043 4
5 0.07895652173913043 4
5 0.07895652173913043 4
8 0.07895652173913043 3
9 0.07895652173913043 3
8 0.07695652173913044 4
8 0.07695652173913044 4
8 0.07695652173913044 4
8 0.07695652173913044 4
8 0.07695652173913044 4
8 0.07695652173913044 4
8 0.07695652173913044 4
10 0.07695652173913044 4
10 0.07695652173913044 4
7 0.07695652173913044 4
7 0.07695652173913044 4
10 0.07695652173913044 4
10 0.07695652173913044 4
10 0.07695652173913044 4
10 0.07695652173913044 4
10 0.07695652173913044 4
10 0.07695652173913044 4
10 0.07695652173913044 4
8 0.07695652173913044 4
8 0.07695652173913044 4
8 0.07695652173913044 4
8 0.07695652173913044 4
8 0.07695652173913044 4
8 0.07695652173913044 4
8 0.07695652173913044 4
10 0.07695652173913044 4
10 0.07695652173913044 4
7 0.07695652173913044 4
7 0.07695652173913044 4
10 0.07695652173913044 4
10 0.07695652173913044 4
10 0.07695652173913044 4
10 0.07695652173913044 4
10 0.07695652173913044 4
10 0.07695652173913044 4
10 0.07695652173913044 4
8 0.07695652173913044 4
8 0.07695652173913044 4
8 0.07695652173913044 4
8 0.07695652173913044 4
8 0.07695652173913044 4
8 0.07695652173913044 4
8 0.07695652173913044 4
10 0.07695652173913044 4
10 0.07695652173913044 4
7 0.07695652173913044 4
7 0.07695652173913044 4
10 0.07695652173913044 4
10 0.07695652173913044 4
10 0.07695652173913044 4
10 0.07695652173913044 4
10 0.07695652173913044 4
10 0.07695652173913044 4
10 0.07695652173913044 4
8 0.07695652173913044 4
8 0.07695652173913044 4
8 0.07695652173913044 4
8 0.07695652173913044 4
8 0.07695652173913044 4
8 0.07695652173913044 4
8 0.07695652173913044 4
10 0.07695652173913044 4
10 0.07695652173913044 4
7 0.07695652173913044 4
7 0.07695652173913044 4
10 0.07695652173913044 4
10 0.07695652173913044 4
