8 0.09000000000000001
8 0.09000000000000001
8 0.09000000000000001
7 0.09000000000000001
7 0.09000000000000001
7 0.09000000000000001
7 0.09000000000000001
7 0.09000000000000001
7 0.09000000000000001
8 0.09000000000000001
8 0.09000000000000001
8 0.09000000000000001
8 0.09000000000000001
8 0.09000000000000001
8 0.09000000000000001
7 0.09000000000000001
7 0.09000000000000001
7 0.09000000000000001
11 0.08600000000000001
11 0.08600000000000001
10 0.08600000000000001
11 0.08600000000000001
11 0.08600000000000001
11 0.08600000000000001
11 0.08600000000000001
11 0.08600000000000001
11 0.08600000000000001
11 0.08600000000000001
13 0.08600000000000001
13 0.08600000000000001
13 0.08600000000000001
13 0.08600000000000001
13 0.08600000000000001
10 0.08600000000000001
10 0.08600000000000001
9 0.08600000000000001
10 0.08600000000000001
10 0.08600000000000001
10 0.08600000000000001
10 0.08600000000000001
10 0.08600000000000001
10 0.08600000000000001
10 0.08600000000000001
12 0.08600000000000001
12 0.08600000000000001
12 0.08600000000000001
12 0.08600000000000001
12 0.08600000000000001
10 0.08600000000000001
10 0.08600000000000001
9 0.08600000000000001
10 0.08600000000000001
10 0.08600000000000001
10 0.08600000000000001
10 0.08600000000000001
10 0.08600000000000001
10 0.08600000000000001
10 0.08600000000000001
12 0.08600000000000001
12 0.08600000000000001
12 0.08600000000000001
12 0.08600000000000001
12 0.08600000000000001
11 0.08600000000000001
11 0.08600000000000001
10 0.08600000000000001
11 0.08600000000000001
11 0.08600000000000001
11 0.08600000000000001
11 0.08600000000000001
11 0.08600000000000001
11 0.08600000000000001
11 0.08600000000000001
13 0.08600000000000001
13 0.08600000000000001
13 0.08600000000000001
13 0.08600000000000001
13 0.08600000000000001
11 0.08600000000000001
11 0.08600000000000001
10 0.08600000000000001
11 0.08600000000000001
11 0.08600000000000001
11 0.08600000000000001
11 0.08600000000000001
11 0.08600000000000001
11 0.08600000000000001
11 0.08600000000000001
13 0.08600000000000001
13 0.08600000000000001
13 0.08600000000000001
13 0.08600000000000001
13 0.08600000000000001
10 0.08600000000000001
10 0.08600000000000001
9 0.08600000000000001
10 0.08600000000000001
10 0.08600000000000001
10 0.08600000000000001
10 0.08600000000000001
10 0.08600000000000001
10 0.08600000000000001
10 0.08600000000000001
12 0.08600000000000001
12 0.08600000000000001
12 0.08600000000000001
12 0.08600000000000001
12 0.08600000000000001
15 0.082
14 0.082
14 0.082
15 0.082
15 0.082
14 0.082
16 0.08
16 0.08
16 0.08
16 0.08
16 0.08
16 0.08
15 0.08
15 0.08
15 0.08
15 0.08
15 0.08
15 0.08
15 0.08
15 0.08
15 0.08
15 0.08
15 0.08
15 0.08
16 0.08
16 0.08
16 0.08
16 0.08
16 0.08
16 0.08
16 0.08
16 0.08
16 0.08
16 0.08
16 0.08
16 0.08
15 0.08
15 0.08
15 0.08
15 0.08
15 0.08
15 0.08
1 0.06266666666666666
1 0.06266666666666666
1 0.06266666666666666
1 0.06266666666666666
1 0.06266666666666666
1 0.06266666666666666
1 0.06266666666666666
1 0.06266666666666666
1 0.06266666666666666
2 0.06066666666666667
2 0.06066666666666667
2 0.06066666666666667
2 0.06066666666666667
2 0.06066666666666667
2 0.06066666666666667
2 0.06066666666666667
2 0.06066666666666667
2 0.06066666666666667
2 0.06066666666666667
2 0.06066666666666667
2 0.06066666666666667
2 0.06066666666666667
2 0.06066666666666667
2 0.06066666666666667
2 0.06066666666666667
2 0.06066666666666667
2 0.06066666666666667
2 0.06066666666666667
2 0.06066666666666667
2 0.06066666666666667
2 0.06066666666666667
2 0.06066666666666667
2 0.06066666666666667
2 0.06066666666666667
2 0.06066666666666667
2 0.06066666666666667
2 0.06066666666666667
2 0.06066666666666667
2 0.06066666666666667
2 0.06066666666666667
2 0.06066666666666667
2 0.06066666666666667
2 0.06066666666666667
2 0.06066666666666667
2 0.06066666666666667
2 0.06066666666666667
2 0.06066666666666667
2 0.06066666666666667
2 0.06066666666666667
2 0.06066666666666667
2 0.06066666666666667
2 0.06066666666666667
2 0.06066666666666667
2 0.06066666666666667
2 0.06066666666666667
2 0.06066666666666667
2 0.06066666666666667
9 0.058666666666666666
7 0.058666666666666666
8 0.058666666666666666
6 0.058666666666666666
8 0.058666666666666666
6 0.058666666666666666
9 0.058666666666666666
7 0.058666666666666666
4 0.058666666666666666
4 0.058666666666666666
3 0.058666666666666666
4 0.058666666666666666
4 0.058666666666666666
4 0.058666666666666666
4 0.058666666666666666
4 0.058666666666666666
4 0.058666666666666666
4 0.058666666666666666
6 0.058666666666666666
6 0.058666666666666666
6 0.058666666666666666
6 0.058666666666666666
6 0.058666666666666666
4 0.058666666666666666
4 0.058666666666666666
3 0.058666666666666666
4 0.058666666666666666
4 0.058666666666666666
4 0.058666666666666666
4 0.058666666666666666
4 0.058666666666666666
4 0.058666666666666666
4 0.058666666666666666
8 0.058666666666666666
8 0.058666666666666666
8 0.058666666666666666
8 0.058666666666666666
8 0.058666666666666666
4 0.058666666666666666
4 0.058666666666666666
3 0.058666666666666666
4 0.058666666666666666
4 0.058666666666666666
4 0.058666666666666666
4 0.058666666666666666
4 0.058666666666666666
4 0.058666666666666666
4 0.058666666666666666
8 0.058666666666666666
8 0.058666666666666666
8 0.058666666666666666
8 0.058666666666666666
8 0.058666666666666666
3 0.058666666666666666
3 0.058666666666666666
3 0.058666666666666666
9 0.058666666666666666
7 0.058666666666666666
8 0.058666666666666666
6 0.058666666666666666
5 0.056666666666666664
5 0.056666666666666664
4 0.056666666666666664
4 0.056666666666666664
5 0.056666666666666664
5 0.056666666666666664
5 0.056666666666666664
5 0.056666666666666664
5 0.056666666666666664
5 0.056666666666666664
5 0.056666666666666664
5 0.056666666666666664
5 0.056666666666666664
4 0.056666666666666664
4 0.056666666666666664
5 0.056666666666666664
5 0.056666666666666664
5 0.056666666666666664
5 0.056666666666666664
5 0.056666666666666664
5 0.056666666666666664
5 0.056666666666666664
5 0.056666666666666664
5 0.056666666666666664
4 0.056666666666666664
4 0.056666666666666664
5 0.056666666666666664
5 0.056666666666666664
5 0.056666666666666664
5 0.056666666666666664
5 0.056666666666666664
5 0.056666666666666664
5 0.056666666666666664
5 0.056666666666666664
5 0.056666666666666664
4 0.056666666666666664
4 0.056666666666666664
5 0.056666666666666664
5 0.056666666666666664
5 0.056666666666666664
5 0.056666666666666664
5 0.056666666666666664
5 0.056666666666666664
5 0.056666666666666664
5 0.056666666666666664
5 0.056666666666666664
4 0.056666666666666664
4 0.056666666666666664
5 0.056666666666666664
5 0.056666666666666664
5 0.056666666666666664
5 0.056666666666666664
5 0.056666666666666664
5 0.056666666666666664
5 0.056666666666666664
5 0.056666666666666664
5 0.056666666666666664
4 0.056666666666666664
4 0.056666666666666664
5 0.056666666666666664
5 0.056666666666666664
