1 1.000004008016032 1
1 1.000004008016032 1
1 1.000004008016032 2
1 1.000004008016032 2
1 1.000004008016032 2
1 1.000004008016032 2
1 1.000004008016032 1
2 0.998004008016032 3
2 0.998004008016032 3
2 0.998004008016032 3
4 0.6626706746826987 4
4 0.6626706746826987 4
3 0.6626706746826987 3
4 0.6626706746826987 4
4 0.6626706746826987 4
4 0.6626706746826987 4
4 0.6626706746826987 4
4 0.6626706746826987 4
4 0.6626706746826987 4
4 0.6626706746826987 4
3 0.6626706746826987 3
4 0.6626706746826987 4
4 0.6626706746826987 4
4 0.6626706746826987 4
4 0.6626706746826987 4
4 0.6626706746826987 4
4 0.6626706746826987 4
4 0.6626706746826987 4
3 0.6626706746826987 3
4 0.6626706746826987 4
4 0.6626706746826987 4
4 0.6626706746826987 4
4 0.6626706746826987 4
4 0.6626706746826987 4
4 0.6626706746826987 4
4 0.6626706746826987 4
3 0.6626706746826987 3
4 0.6626706746826987 4
4 0.6626706746826987 4
4 0.6626706746826987 4
4 0.6626706746826987 4
4 0.6626706746826987 4
4 0.6626706746826987 4
4 0.6626706746826987 4
3 0.6626706746826987 3
4 0.6626706746826987 4
4 0.6626706746826987 4
4 0.6626706746826987 4
4 0.6626706746826987 4
4 0.6626706746826987 4
4 0.6626706746826987 4
4 0.6626706746826987 4
4 0.6626706746826987 4
4 0.6626706746826987 4
4 0.6626706746826987 4
4 0.6626706746826987 4
4 0.6626706746826987 4
4 0.6626706746826987 4
5 0.6626706746826987 4
5 0.6626706746826987 4
5 0.6626706746826987 4
5 0.6626706746826987 4
5 0.6626706746826987 4
5 0.6626706746826987 4
4 0.6626706746826987 2
5 0.6626706746826987 2
6 0.6626706746826987 4
6 0.6626706746826987 4
6 0.6626706746826987 4
3 0.49800400801603195 2
3 0.49800400801603195 2
3 0.49800400801603195 2
3 0.49800400801603195 2
3 0.49800400801603195 2
3 0.49800400801603195 2
3 0.49800400801603195 2
3 0.49800400801603195 2
3 0.49800400801603195 2
3 0.49800400801603195 2
3 0.49800400801603195 2
2 0.49800400801603195 1
3 0.49800400801603195 2
2 0.49800400801603195 1
2 0.49800400801603195 1
3 0.49800400801603195 2
3 0.49800400801603195 2
3 0.49800400801603195 2
3 0.49800400801603195 2
3 0.49800400801603195 2
3 0.49800400801603195 2
3 0.49800400801603195 2
3 0.49800400801603195 2
3 0.49800400801603195 2
3 0.49800400801603195 2
3 0.49800400801603195 2
3 0.49800400801603195 2
3 0.49800400801603195 2
3 0.49800400801603195 2
3 0.49800400801603195 2
3 0.49800400801603195 2
3 0.49800400801603195 2
3 0.49800400801603195 2
3 0.49800400801603195 2
3 0.49800400801603195 2
3 0.49800400801603195 2
3 0.49800400801603195 2
3 0.49800400801603195 2
3 0.49800400801603195 2
3 0.49800400801603195 2
3 0.49800400801603195 2
3 0.49800400801603195 2
3 0.49800400801603195 2
3 0.49800400801603195 2
3 0.49800400801603195 2
3 0.49800400801603195 2
3 0.49800400801603195 2
3 0.49800400801603195 2
3 0.49800400801603195 2
3 0.49800400801603195 2
3 0.49800400801603195 2
3 0.49800400801603195 2
3 0.49800400801603195 2
3 0.49800400801603195 2
3 0.49800400801603195 2
3 0.49800400801603195 2
3 0.49800400801603195 2
3 0.49800400801603195 2
3 0.49800400801603195 2
3 0.49800400801603195 2
3 0.49800400801603195 2
3 0.49800400801603195 2
3 0.49800400801603195 2
3 0.49800400801603195 2
3 0.49800400801603195 2
3 0.49800400801603195 2
4 0.49800400801603195 1
3 0.498004008016032 1
5 0.49800400801603195 1
4 0.49800400801603195 1
4 0.49800400801603195 1
3 0.498004008016032 1
5 0.49800400801603195 1
4 0.49800400801603195 1
3 0.49800400801603195 1
3 0.49800400801603195 1
3 0.49800400801603195 1
3 0.49800400801603195 1
3 0.49800400801603195 1
3 0.49800400801603195 1
3 0.49800400801603195 1
3 0.49800400801603195 1
3 0.49800400801603195 1
3 0.49800400801603195 1
2 0.498004008016032 1
3 0.49800400801603195 1
3 0.49800400801603195 1
3 0.49800400801603195 1
3 0.49800400801603206 3
3 0.49800400801603206 3
3 0.49800400801603206 3
3 0.49800400801603206 3
3 0.49800400801603206 3
3 0.49800400801603206 3
2 0.49800400801603206 2
2 0.49800400801603206 2
2 0.49800400801603206 2
2 0.49800400801603206 2
2 0.49800400801603206 2
2 0.49800400801603206 2
1 0.49800400801603206 1
2 0.49800400801603206 2
2 0.49800400801603206 2
2 0.49800400801603206 2
5 0.49800400801603206 2
5 0.49800400801603206 2
4 0.49800400801603206 1
4 0.49800400801603206 2
4 0.49800400801603206 2
3 0.49800400801603206 1
3 0.49800400801603206 2
3 0.49800400801603206 2
3 0.49800400801603206 2
4 0.49800400801603206 2
4 0.49800400801603206 2
4 0.49800400801603206 2
4 0.49800400801603206 2
4 0.49800400801603206 2
4 0.49800400801603206 2
2 0.49800400801603206 2
1 0.49800400801603206 1
2 0.49800400801603206 2
2 0.49800400801603206 2
2 0.49800400801603206 2
3 0.49800400801603206 2
2 0.49800400801603206 1
3 0.49800400801603206 2
3 0.49800400801603206 2
3 0.49800400801603206 2
2 0.49800400801603195 1
1 0.498004008016032 1
3 0.49800400801603195 1
3 0.49800400801603195 1
7 0.49400400801603206 4
8 0.49400400801603206 4
7 0.49400400801603206 4
8 0.49400400801603206 4
7 0.49400400801603206 4
8 0.49400400801603206 4
7 0.49400400801603206 4
8 0.49400400801603206 4
7 0.49400400801603206 4
8 0.49400400801603206 4
7 0.49400400801603206 4
8 0.49400400801603206 4
7 0.49400400801603206 3
8 0.49400400801603206 3
7 0.49400400801603206 3
8 0.49400400801603206 3
7 0.49400400801603206 2
7 0.49400400801603206 2
4 0.49400400801603206 2
4 0.49400400801603206 2
7 0.49400400801603206 2
7 0.49400400801603206 2
7 0.49400400801603206 2
7 0.49400400801603206 2
7 0.49400400801603206 2
7 0.49400400801603206 2
7 0.49400400801603206 2
7 0.49400400801603195 3
6 0.494004008016032 2
7 0.49400400801603195 3
7 0.49400400801603195 3
7 0.49400400801603195 3
7 0.49400400801603195 4
7 0.49400400801603195 4
7 0.49400400801603195 4
8 0.49400400801603206 3
9 0.49400400801603206 3
8 0.3920040080160321 4
8 0.3920040080160321 4
8 0.3920040080160321 4
8 0.3920040080160321 4
8 0.3920040080160321 4
8 0.3920040080160321 4
8 0.3920040080160321 4
8 0.3920040080160321 4
8 0.3920040080160321 4
8 0.3920040080160321 4
8 0.3920040080160321 4
8 0.3920040080160321 4
8 0.3920040080160321 4
8 0.3920040080160321 4
8 0.3920040080160321 4
8 0.3920040080160321 4
8 0.3920040080160321 4
8 0.3920040080160321 4
8 0.3920040080160321 4
8 0.3920040080160321 4
8 0.3920040080160321 4
8 0.3920040080160321 4
8 0.3920040080160321 4
8 0.3920040080160321 4
8 0.3920040080160321 4
8 0.3920040080160321 4
8 0.3920040080160321 4
8 0.3920040080160321 4
8 0.3920040080160321 4
8 0.3920040080160321 4
8 0.3920040080160321 4
8 0.3920040080160321 4
8 0.3920040080160321 4
8 0.3920040080160321 4
8 0.3920040080160321 4
8 0.3920040080160321 4
8 0.3920040080160321 4
8 0.3920040080160321 4
8 0.3920040080160321 4
8 0.3920040080160321 4
8 0.3920040080160321 4
8 0.3920040080160321 4
8 0.3920040080160321 3
8 0.3920040080160321 3
8 0.3920040080160321 3
8 0.3920040080160321 3
8 0.3920040080160321 3
8 0.3920040080160321 3
8 0.3920040080160321 3
10 0.3920040080160321 3
10 0.3920040080160321 3
7 0.3920040080160321 3
7 0.3920040080160321 3
10 0.3920040080160321 3
10 0.3920040080160321 3
10 0.3920040080160321 3
10 0.3920040080160321 3
10 0.3920040080160321 3
10 0.3920040080160321 3
10 0.3920040080160321 3
12 0.392004008016032 3
11 0.392004008016032 2
12 0.392004008016032 3
12 0.392004008016032 3
12 0.392004008016032 3
8 0.3920040080160321 3
8 0.3920040080160321 3
8 0.3920040080160321 3
8 0.3920040080160321 3
8 0.3920040080160321 3
8 0.3920040080160321 3
8 0.3920040080160321 3
10 0.3920040080160321 3
10 0.3920040080160321 3
7 0.3920040080160321 3
7 0.3920040080160321 3
10 0.3920040080160321 3
10 0.3920040080160321 3
10 0.3920040080160321 3
10 0.3920040080160321 3
10 0.3920040080160321 3
10 0.3920040080160321 3
10 0.3920040080160321 3
12 0.392004008016032 3
11 0.392004008016032 2
12 0.392004008016032 3
12 0.392004008016032 3
12 0.392004008016032 3
6 0.3920040080160321 2
6 0.3920040080160321 2
6 0.3920040080160321 2
6 0.3920040080160321 2
5 0.3920040080160321 3
5 0.3920040080160321 3
5 0.3920040080160321 3
6 0.3920040080160321 4
6 0.3920040080160321 4
6 0.3920040080160321 4
6 0.3920040080160321 4
6 0.3920040080160321 4
6 0.3920040080160321 4
7 0.3920040080160321 4
7 0.3920040080160321 4
7 0.3920040080160321 4
10 0.39200400801603197 4
11 0.39200400801603197 4
9 0.3920040080160321 3
9 0.3920040080160321 3
9 0.3920040080160321 3
9 0.3920040080160321 3
9 0.3920040080160321 3
9 0.3920040080160321 3
9 0.3920040080160321 3
11 0.3920040080160321 3
11 0.3920040080160321 3
8 0.3920040080160321 3
8 0.3920040080160321 3
11 0.3920040080160321 3
11 0.3920040080160321 3
11 0.3920040080160321 3
11 0.3920040080160321 3
11 0.3920040080160321 3
11 0.3920040080160321 3
11 0.3920040080160321 3
10 0.392004008016032 3
9 0.392004008016032 2
10 0.392004008016032 3
10 0.392004008016032 3
10 0.392004008016032 3
6 0.3293373413493653 2
6 0.3293373413493653 2
6 0.3293373413493653 2
6 0.3293373413493653 2
5 0.3293373413493653 1
5 0.3293373413493653 1
5 0.3293373413493653 1
5 0.3293373413493653 1
6 0.3293373413493653 2
6 0.3293373413493653 2
6 0.3293373413493653 2
6 0.3293373413493653 2
6 0.3293373413493653 2
6 0.3293373413493653 2
6 0.3293373413493653 2
6 0.3293373413493653 2
6 0.3293373413493653 2
6 0.3293373413493653 2
6 0.3293373413493653 2
6 0.3293373413493653 2
6 0.3293373413493653 2
6 0.3293373413493653 2
6 0.3293373413493653 2
6 0.3293373413493653 2
8 0.3293373413493653 1
8 0.3293373413493653 1
8 0.3293373413493653 1
8 0.3293373413493653 1
7 0.3293373413493653 1
7 0.3293373413493653 1
7 0.3293373413493653 1
6 0.3293373413493653 1
7 0.3293373413493653 1
7 0.3293373413493653 1
8 0.3293373413493653 1
8 0.3293373413493653 1
8 0.3293373413493653 1
8 0.3293373413493653 1
7 0.3293373413493653 1
7 0.3293373413493653 1
7 0.3293373413493653 1
6 0.3293373413493653 1
7 0.3293373413493653 1
7 0.3293373413493653 1
4 0.3293373413493653 1
6 0.3293373413493653 1
4 0.3293373413493653 1
4 0.3293373413493653 1
5 0.3293373413493653 1
5 0.3293373413493653 1
5 0.3293373413493653 1
5 0.3293373413493653 1
5 0.3293373413493653 1
5 0.3293373413493654 2
6 0.3293373413493654 2
5 0.3293373413493654 2
6 0.3293373413493654 2
5 0.3293373413493654 1
6 0.3293373413493654 1
6 0.3293373413493654 1
7 0.3293373413493654 1
6 0.3293373413493654 1
7 0.3293373413493654 1
5 0.3293373413493653 2
5 0.3293373413493653 2
5 0.3293373413493653 2
4 0.3293373413493653 2
5 0.3293373413493653 2
5 0.3293373413493653 2
5 0.3293373413493653 2
5 0.3293373413493653 2
5 0.3293373413493653 2
5 0.3293373413493653 2
5 0.3293373413493653 2
6 0.3293373413493653 1
6 0.3293373413493653 1
6 0.3293373413493653 1
6 0.3293373413493653 1
5 0.3293373413493653 1
5 0.3293373413493653 1
5 0.3293373413493653 1
4 0.3293373413493653 1
5 0.3293373413493653 1
5 0.3293373413493653 1
11 0.32333734134936537 4
11 0.32333734134936537 4
11 0.32333734134936537 4
11 0.32333734134936537 4
11 0.32333734134936537 4
11 0.32333734134936537 4
9 0.32333734134936537 3
9 0.32333734134936537 3
9 0.32333734134936537 3
9 0.32333734134936537 3
11 0.32333734134936537 3
9 0.32333734134936537 3
9 0.32333734134936537 3
9 0.32333734134936537 3
9 0.32333734134936537 3
11 0.32333734134936537 3
7 0.32333734134936537 2
8 0.32333734134936537 2
9 0.32333734134936537 4
10 0.32333734134936537 4
9 0.32333734134936537 4
10 0.32333734134936537 4
10 0.32333734134936537 4
11 0.32333734134936537 4
11 0.3233373413493653 4
11 0.3233373413493653 4
11 0.3233373413493653 4
11 0.3233373413493653 4
11 0.3233373413493653 4
11 0.3233373413493653 4
11 0.3233373413493653 4
10 0.32333734134936537 3
10 0.32333734134936537 3
10 0.32333734134936537 3
10 0.32333734134936537 3
12 0.32333734134936537 3
12 0.27371829373031775 4
12 0.27371829373031775 4
12 0.27371829373031775 4
13 0.27371829373031775 4
12 0.27371829373031775 4
12 0.27371829373031775 4
12 0.27371829373031775 4
13 0.27371829373031775 4
12 0.27371829373031775 4
12 0.27371829373031775 4
12 0.27371829373031775 4
13 0.27371829373031775 4
12 0.27371829373031775 4
12 0.27371829373031775 4
12 0.27371829373031775 4
13 0.27371829373031775 4
12 0.27371829373031775 4
12 0.27371829373031775 4
12 0.27371829373031775 4
13 0.27371829373031775 4
12 0.27371829373031775 4
12 0.27371829373031775 4
12 0.27371829373031775 4
13 0.27371829373031775 4
13 0.27371829373031775 3
13 0.27371829373031775 3
8 0.27371829373031775 2
8 0.27371829373031775 2
8 0.27371829373031775 2
8 0.27371829373031775 2
8 0.27371829373031775 2
8 0.27371829373031775 2
8 0.27371829373031775 2
10 0.27371829373031775 2
10 0.27371829373031775 2
7 0.27371829373031775 2
7 0.27371829373031775 2
10 0.27371829373031775 2
10 0.27371829373031775 2
10 0.27371829373031775 2
10 0.27371829373031775 2
10 0.27371829373031775 2
10 0.27371829373031775 2
10 0.27371829373031775 2
10 0.27371829373031775 4
10 0.27371829373031775 4
10 0.27371829373031775 4
10 0.27371829373031775 4
10 0.27371829373031775 4
10 0.27371829373031775 4
10 0.27371829373031775 4
12 0.27371829373031775 4
12 0.27371829373031775 4
9 0.27371829373031775 4
9 0.27371829373031775 4
12 0.27371829373031775 4
12 0.27371829373031775 4
12 0.27371829373031775 4
12 0.27371829373031775 4
12 0.27371829373031775 4
12 0.27371829373031775 4
12 0.27371829373031775 4
10 0.27371829373031775 4
10 0.27371829373031775 4
10 0.27371829373031775 4
10 0.27371829373031775 4
10 0.27371829373031775 4
10 0.27371829373031775 4
10 0.27371829373031775 4
12 0.27371829373031775 4
12 0.27371829373031775 4
9 0.27371829373031775 4
9 0.27371829373031775 4
12 0.27371829373031775 4
12 0.27371829373031775 4
12 0.27371829373031775 4
12 0.27371829373031775 4
12 0.27371829373031775 4
12 0.27371829373031775 4
12 0.27371829373031775 4
11 0.27371829373031775 4
11 0.27371829373031775 4
11 0.27371829373031775 4
11 0.27371829373031775 4
11 0.27371829373031775 4
11 0.27371829373031775 4
11 0.27371829373031775 4
13 0.27371829373031775 4
13 0.27371829373031775 4
10 0.27371829373031775 4
10 0.27371829373031775 4
13 0.27371829373031775 4
13 0.27371829373031775 4
13 0.27371829373031775 4
13 0.27371829373031775 4
13 0.27371829373031775 4
13 0.27371829373031775 4
13 0.27371829373031775 4
14 0.2737182937303177 4
14 0.27371829373031775 3
8 0.244004008016032 1
7 0.244004008016032 1
8 0.244004008016032 1
10 0.244004008016032 1
9 0.244004008016032 1
10 0.244004008016032 1
10 0.244004008016032 1
10 0.244004008016032 1
10 0.244004008016032 1
10 0.244004008016032 1
8 0.244004008016032 1
7 0.244004008016032 1
8 0.244004008016032 1
10 0.244004008016032 1
9 0.244004008016032 1
10 0.244004008016032 1
10 0.244004008016032 1
10 0.244004008016032 1
10 0.244004008016032 1
10 0.244004008016032 1
7 0.244004008016032 1
7 0.244004008016032 1
7 0.244004008016032 1
7 0.244004008016032 1
5 0.244004008016032 1
6 0.244004008016032 1
6 0.244004008016032 1
8 0.244004008016032 1
6 0.244004008016032 1
6 0.24400400801603206 2
6 0.24400400801603206 2
6 0.24400400801603206 2
6 0.24400400801603206 2
6 0.24400400801603206 2
6 0.24400400801603206 2
6 0.24400400801603206 2
8 0.24400400801603206 2
8 0.24400400801603206 2
5 0.24400400801603206 2
5 0.24400400801603206 2
8 0.24400400801603206 2
8 0.24400400801603206 2
8 0.24400400801603206 2
8 0.24400400801603206 2
8 0.24400400801603206 2
8 0.24400400801603206 2
8 0.24400400801603206 2
6 0.24400400801603206 2
6 0.24400400801603206 2
6 0.24400400801603206 2
6 0.24400400801603206 2
6 0.24400400801603206 2
6 0.24400400801603206 2
6 0.24400400801603206 2
8 0.24400400801603206 2
8 0.24400400801603206 2
5 0.24400400801603206 2
5 0.24400400801603206 2
8 0.24400400801603206 2
8 0.24400400801603206 2
8 0.24400400801603206 2
8 0.24400400801603206 2
8 0.24400400801603206 2
8 0.24400400801603206 2
8 0.24400400801603206 2
6 0.24400400801603206 1
6 0.24400400801603206 1
6 0.24400400801603206 1
6 0.24400400801603206 1
6 0.24400400801603206 1
6 0.24400400801603206 1
6 0.24400400801603206 1
8 0.24400400801603206 1
8 0.24400400801603206 1
5 0.24400400801603206 1
8 0.24400400801603206 1
8 0.24400400801603206 1
8 0.24400400801603206 1
8 0.24400400801603206 1
8 0.24400400801603206 1
8 0.24400400801603206 1
8 0.24400400801603206 1
7 0.24400400801603206 1
7 0.24400400801603206 1
7 0.24400400801603206 1
7 0.24400400801603206 1
7 0.24400400801603206 1
7 0.24400400801603206 1
7 0.24400400801603206 1
9 0.24400400801603206 1
6 0.24400400801603206 1
7 0.24400400801603206 1
7 0.24400400801603206 1
7 0.24400400801603206 1
7 0.24400400801603206 1
7 0.24400400801603206 1
7 0.24400400801603206 1
7 0.24400400801603206 1
9 0.24400400801603206 1
6 0.24400400801603206 1
5 0.244004008016032 2
5 0.244004008016032 2
5 0.244004008016032 2
5 0.244004008016032 2
6 0.244004008016032 1
5 0.244004008016032 1
6 0.244004008016032 1
8 0.244004008016032 1
7 0.244004008016032 1
8 0.244004008016032 1
8 0.244004008016032 1
8 0.244004008016032 1
8 0.244004008016032 1
8 0.244004008016032 1
15 0.23600400801603205 4
15 0.23600400801603205 4
15 0.23600400801603205 4
15 0.23600400801603205 4
15 0.23600400801603205 4
14 0.23600400801603205 4
14 0.23600400801603205 4
14 0.23600400801603205 4
13 0.23600400801603205 4
14 0.23600400801603205 4
14 0.23600400801603205 4
15 0.23600400801603205 4
15 0.23600400801603205 4
15 0.23600400801603205 4
15 0.23600400801603205 4
15 0.23600400801603205 4
14 0.23600400801603205 4
14 0.23600400801603205 4
14 0.23600400801603205 4
13 0.23600400801603205 4
14 0.23600400801603205 4
14 0.23600400801603205 4
15 0.23600400801603205 4
15 0.23600400801603205 4
15 0.23600400801603205 4
15 0.23600400801603205 4
15 0.23600400801603205 4
14 0.23600400801603205 4
14 0.23600400801603205 4
14 0.23600400801603205 4
13 0.23600400801603205 4
14 0.23600400801603205 4
14 0.23600400801603205 4
15 0.23600400801603205 4
15 0.23600400801603205 4
15 0.23600400801603205 4
15 0.23600400801603205 4
15 0.23600400801603205 4
14 0.23600400801603205 4
14 0.23600400801603205 4
14 0.23600400801603205 4
13 0.23600400801603205 4
14 0.23600400801603205 4
14 0.23600400801603205 4
15 0.23600400801603205 4
15 0.23600400801603205 4
15 0.23600400801603205 4
15 0.23600400801603205 4
15 0.23600400801603205 4
14 0.23600400801603205 4
14 0.23600400801603205 4
14 0.23600400801603205 4
13 0.23600400801603205 4
14 0.23600400801603205 4
14 0.23600400801603205 4
15 0.23600400801603205 4
15 0.23600400801603205 4
15 0.23600400801603205 4
15 0.23600400801603205 4
15 0.23600400801603205 4
14 0.23600400801603205 4
14 0.23600400801603205 4
14 0.23600400801603205 4
13 0.23600400801603205 4
14 0.23600400801603205 4
14 0.23600400801603205 4
11 0.23600400801603205 2
11 0.23600400801603205 4
11 0.23600400801603205 4
11 0.23600400801603205 4
11 0.23600400801603205 4
13 0.23600400801603205 4
11 0.23600400801603205 4
11 0.23600400801603205 4
11 0.23600400801603205 4
11 0.23600400801603205 4
13 0.23600400801603205 4
12 0.23600400801603205 4
12 0.23600400801603205 4
12 0.23600400801603205 4
12 0.23600400801603205 4
14 0.23600400801603205 4
15 0.236004008016032 4
15 0.236004008016032 4
15 0.236004008016032 4
16 0.236004008016032 4
14 0.2062262302382543 4
15 0.2062262302382543 4
17 0.2062262302382543 4
16 0.2062262302382543 4
